TP9,AF7,AF8,TP10
-67.87109375,-14.6484375,-41.50390625,-61.5234375
-51.26953125,-40.52734375,-39.0625,-52.734375
-50.78125,-83.984375,-39.55078125,-50.78125
-67.87109375,-92.28515625,-48.33984375,-65.4296875
-64.94140625,-49.8046875,-54.19921875,-65.91796875
-42.96875,6.34765625,-51.26953125,-52.734375
-40.52734375,-25.390625,-46.38671875,-56.15234375
-42.96875,-67.3828125,-41.9921875,-54.6875
-47.36328125,-62.98828125,-49.8046875,-50.78125
-49.31640625,-59.5703125,-59.08203125,-40.52734375
-28.3203125,-12.20703125,-52.24609375,-28.80859375
-15.13671875,-13.671875,-50.29296875,-30.76171875
-22.4609375,-62.98828125,-46.875,-33.203125
-40.0390625,-76.171875,-46.875,-31.73828125
-39.0625,-55.17578125,-49.8046875,-18.06640625
-31.25,-21.97265625,-46.38671875,-20.01953125
-25.390625,-10.25390625,-48.828125,-25.87890625
-17.578125,-22.94921875,-48.33984375,-16.11328125
-38.0859375,-74.21875,-51.26953125,-25.87890625
-57.12890625,-88.8671875,-58.59375,-32.71484375
-43.45703125,-30.76171875,-55.17578125,-30.76171875
-18.5546875,-8.7890625,-49.31640625,-30.76171875
-19.53125,-49.8046875,-45.41015625,-35.15625
-44.921875,-84.9609375,-51.26953125,-41.015625
-57.12890625,-93.75,-61.03515625,-36.62109375
-37.59765625,-37.109375,-57.12890625,-24.4140625
-12.20703125,-10.7421875,-52.24609375,-23.92578125
-7.32421875,-49.8046875,-55.17578125,-23.92578125
-21.484375,-79.58984375,-52.734375,-13.18359375
-26.3671875,-57.6171875,-43.45703125,2.44140625
-12.6953125,-21.97265625,-41.9921875,13.18359375
6.8359375,-33.203125,-46.38671875,14.6484375
15.13671875,-45.41015625,-49.31640625,14.16015625
5.859375,-70.80078125,-52.24609375,11.23046875
-7.8125,-78.61328125,-57.12890625,8.7890625
0.9765625,-37.109375,-51.26953125,12.6953125
16.6015625,-27.34375,-46.38671875,8.30078125
20.5078125,-28.80859375,-47.8515625,0.9765625
3.90625,-59.08203125,-52.734375,-17.578125
-16.11328125,-85.9375,-56.640625,-25.87890625
-20.5078125,-43.45703125,-57.6171875,-18.5546875
-7.8125,7.8125,-51.7578125,-16.11328125
-4.39453125,-20.99609375,-44.43359375,-22.4609375
-22.94921875,-93.75,-49.31640625,-32.2265625
-42.48046875,-93.26171875,-55.6640625,-34.1796875
-42.48046875,-56.640625,-54.6875,-34.66796875
-29.296875,-28.80859375,-48.33984375,-42.48046875
-34.1796875,-29.78515625,-44.43359375,-49.8046875
-43.45703125,-62.5,-44.43359375,-51.7578125
-54.19921875,-79.1015625,-42.48046875,-53.22265625
-73.2421875,-62.01171875,-38.57421875,-57.12890625
-66.40625,-32.2265625,-38.0859375,-55.6640625
-42.48046875,-33.69140625,-38.57421875,-40.52734375
-51.26953125,-50.78125,-36.62109375,-46.38671875
-81.54296875,-75.68359375,-31.73828125,-63.96484375
-93.75,-90.8203125,-36.62109375,-68.84765625
-63.4765625,-41.015625,-39.0625,-57.12890625
-49.31640625,-19.53125,-36.1328125,-58.59375
-68.84765625,-48.33984375,-31.25,-79.58984375
-81.0546875,-76.171875,-31.73828125,-78.61328125
-75.1953125,-60.546875,-35.15625,-62.01171875
-54.6875,-27.34375,-29.296875,-57.6171875
-51.7578125,-24.4140625,-23.92578125,-67.87109375
-67.87109375,-62.5,-28.3203125,-82.51953125
-82.03125,-77.1484375,-27.34375,-87.890625
-86.9140625,-50.29296875,-28.3203125,-77.63671875
-77.1484375,-54.6875,-32.71484375,-69.82421875
-53.7109375,-40.0390625,-33.203125,-65.91796875
-47.36328125,-31.73828125,-33.203125,-66.89453125
-67.3828125,-89.35546875,-35.64453125,-69.3359375
-86.42578125,-96.6796875,-40.52734375,-60.546875
-74.70703125,-42.96875,-39.0625,-50.29296875
-42.96875,-11.23046875,-38.57421875,-40.52734375
-40.0390625,-25.87890625,-41.015625,-46.875
-53.7109375,-65.4296875,-43.9453125,-55.6640625
-55.17578125,-71.77734375,-39.0625,-47.36328125
-46.38671875,-23.4375,-32.71484375,-45.41015625
-28.3203125,16.11328125,-41.50390625,-46.875
-27.83203125,-28.80859375,-43.9453125,-41.015625
-50.78125,-81.54296875,-43.9453125,-52.734375
-60.05859375,-77.63671875,-49.31640625,-47.36328125
-47.36328125,-37.109375,-51.26953125,-31.73828125
-30.2734375,2.44140625,-56.15234375,-39.0625
-21.97265625,-12.6953125,-52.734375,-43.9453125
-29.78515625,-76.66015625,-46.875,-43.45703125
-48.33984375,-81.54296875,-46.875,-42.96875
-49.31640625,-32.2265625,-54.19921875,-40.52734375
-30.76171875,-17.08984375,-61.03515625,-38.57421875
-28.80859375,-16.6015625,-57.6171875,-44.43359375
-42.48046875,-44.43359375,-58.10546875,-53.7109375
-62.98828125,-93.26171875,-66.89453125,-62.5
-68.359375,-81.0546875,-69.3359375,-62.98828125
-41.50390625,-21.484375,-61.03515625,-50.78125
-41.015625,-20.99609375,-50.78125,-55.6640625
-57.12890625,-62.98828125,-42.48046875,-59.5703125
-58.10546875,-68.84765625,-41.50390625,-52.24609375
-60.546875,-60.546875,-44.43359375,-48.33984375
-38.57421875,-24.90234375,-41.50390625,-40.52734375
-23.4375,2.44140625,-38.0859375,-35.15625
-41.9921875,-58.10546875,-41.9921875,-41.50390625
-56.15234375,-85.44921875,-44.921875,-41.50390625
-58.10546875,-52.734375,-42.48046875,-32.71484375
-49.31640625,-32.71484375,-41.9921875,-42.96875
-31.25,-25.87890625,-41.50390625,-49.8046875
-44.43359375,-59.08203125,-52.24609375,-61.03515625
-63.96484375,-85.44921875,-60.05859375,-71.77734375
-66.40625,-60.546875,-54.6875,-70.80078125
-57.6171875,-21.484375,-48.828125,-67.87109375
-52.24609375,-12.20703125,-41.015625,-65.91796875
-63.96484375,-40.0390625,-41.9921875,-66.89453125
-79.58984375,-65.4296875,-49.31640625,-79.1015625
-94.7265625,-57.6171875,-43.45703125,-87.40234375
-89.84375,-20.99609375,-42.48046875,-82.03125
-73.73046875,-4.8828125,-43.45703125,-78.125
-74.70703125,-26.85546875,-39.0625,-78.61328125
-82.03125,-83.984375,-46.875,-81.54296875
-89.84375,-84.47265625,-49.8046875,-78.61328125
-86.42578125,-24.4140625,-40.52734375,-71.77734375
-57.12890625,-4.39453125,-37.109375,-56.640625
-44.921875,-16.6015625,-39.0625,-51.7578125
-62.98828125,-63.96484375,-47.8515625,-60.546875
-78.125,-81.54296875,-44.921875,-63.4765625
-72.75390625,-37.109375,-38.57421875,-62.01171875
-49.8046875,-18.06640625,-37.109375,-53.7109375
-44.921875,-29.296875,-41.9921875,-56.15234375
-60.05859375,-41.015625,-45.41015625,-67.87109375
-77.63671875,-78.61328125,-44.43359375,-71.77734375
-86.42578125,-59.5703125,-47.8515625,-73.2421875
-68.84765625,-4.8828125,-48.828125,-68.84765625
-54.6875,-30.76171875,-42.96875,-68.359375
-62.98828125,-69.3359375,-35.15625,-73.73046875
-82.03125,-77.63671875,-35.15625,-71.2890625
-77.63671875,-45.8984375,-39.55078125,-53.7109375
-49.8046875,-10.25390625,-36.62109375,-42.48046875
-46.875,-19.53125,-41.50390625,-52.734375
-56.640625,-55.17578125,-45.41015625,-53.22265625
-68.84765625,-63.96484375,-42.96875,-52.734375
-78.125,-36.1328125,-45.8984375,-48.828125
-56.640625,-11.23046875,-47.8515625,-45.8984375
-44.921875,-25.87890625,-47.36328125,-53.22265625
-50.29296875,-53.22265625,-43.9453125,-51.26953125
-60.546875,-86.42578125,-40.0390625,-49.31640625
-74.70703125,-73.2421875,-37.109375,-48.33984375
-57.6171875,-18.5546875,-36.1328125,-35.64453125
-26.3671875,-17.578125,-33.69140625,-29.296875
-25.87890625,-63.96484375,-33.69140625,-34.66796875
-51.7578125,-90.8203125,-45.8984375,-44.43359375
-61.5234375,-85.44921875,-42.48046875,-41.50390625
-47.36328125,-36.62109375,-34.66796875,-29.296875
-17.08984375,5.859375,-34.1796875,-19.04296875
-22.4609375,-60.546875,-35.64453125,-28.80859375
-50.29296875,-118.1640625,-47.8515625,-38.0859375
-58.59375,-83.0078125,-41.015625,-30.76171875
-51.7578125,-29.78515625,-32.2265625,-32.2265625
-21.97265625,-20.01953125,-37.109375,-21.97265625
-7.8125,-52.734375,-36.62109375,-14.6484375
-23.92578125,-89.35546875,-42.96875,-29.78515625
-36.62109375,-83.0078125,-44.921875,-28.80859375
-24.90234375,-45.8984375,-44.43359375,-8.7890625
-6.8359375,-43.9453125,-51.26953125,-8.7890625
0.0,-39.55078125,-43.9453125,-14.6484375
-13.18359375,-66.89453125,-37.109375,-19.04296875
-36.1328125,-116.69921875,-46.38671875,-24.90234375
-33.69140625,-71.2890625,-44.921875,-14.6484375
-17.578125,-22.94921875,-39.55078125,-8.7890625
-17.578125,-50.78125,-43.45703125,-23.92578125
-26.85546875,-82.51953125,-43.45703125,-30.2734375
-43.45703125,-96.6796875,-48.828125,-31.73828125
-48.828125,-62.98828125,-52.24609375,-37.59765625
-36.1328125,-30.2734375,-48.33984375,-39.0625
-28.80859375,-43.45703125,-49.8046875,-40.0390625
-33.203125,-76.171875,-50.29296875,-43.45703125
-45.8984375,-92.28515625,-47.8515625,-43.45703125
-45.41015625,-46.875,-48.33984375,-36.62109375
-24.4140625,-16.11328125,-47.8515625,-35.15625
-20.01953125,-48.33984375,-46.875,-41.9921875
-33.69140625,-81.54296875,-43.45703125,-50.29296875
-53.22265625,-93.26171875,-53.22265625,-51.26953125
-61.5234375,-73.2421875,-56.640625,-48.828125
-43.45703125,-19.04296875,-47.8515625,-48.33984375
-31.73828125,-15.13671875,-44.43359375,-49.31640625
-41.50390625,-62.01171875,-43.45703125,-51.7578125
-58.59375,-85.9375,-49.8046875,-53.22265625
-60.05859375,-69.82421875,-54.19921875,-48.33984375
-60.546875,-27.83203125,-53.7109375,-51.26953125
-57.12890625,-13.671875,-55.17578125,-55.6640625
-53.22265625,-63.96484375,-50.78125,-59.08203125
-65.4296875,-80.078125,-48.33984375,-61.03515625
-63.96484375,-54.6875,-51.26953125,-54.6875
-51.26953125,-47.8515625,-55.17578125,-49.8046875
-27.34375,-22.94921875,-58.59375,-41.50390625
-19.53125,-44.921875,-53.7109375,-41.50390625
-40.52734375,-87.40234375,-59.5703125,-44.921875
-51.26953125,-86.9140625,-63.96484375,-38.57421875
-36.62109375,-40.0390625,-58.10546875,-30.2734375
-14.6484375,-12.20703125,-61.03515625,-20.5078125
-6.8359375,-34.66796875,-59.08203125,-15.13671875
-16.6015625,-68.84765625,-60.05859375,-17.578125
-30.2734375,-87.40234375,-62.5,-11.71875
-19.53125,-52.734375,-58.59375,-0.48828125
10.7421875,-27.83203125,-66.40625,11.23046875
13.18359375,-58.10546875,-75.68359375,1.953125
-18.06640625,-78.125,-80.56640625,-19.04296875
-30.76171875,-64.453125,-82.51953125,-16.6015625
-15.625,-39.0625,-80.078125,-2.44140625
2.9296875,-18.06640625,-82.03125,-0.9765625
16.6015625,-22.4609375,-80.56640625,-1.46484375
7.8125,-62.01171875,-80.078125,-3.41796875
-7.32421875,-70.80078125,-84.9609375,-9.27734375
-0.9765625,-12.20703125,-88.8671875,-2.9296875
30.2734375,2.9296875,-87.890625,9.765625
47.36328125,-31.25,-89.84375,8.7890625
33.69140625,-53.22265625,-92.28515625,6.8359375
19.53125,-66.89453125,-92.28515625,14.16015625
20.99609375,-38.0859375,-85.9375,16.6015625
41.015625,7.32421875,-79.1015625,18.5546875
50.29296875,-10.25390625,-74.21875,22.4609375
40.52734375,-55.17578125,-68.359375,22.94921875
22.94921875,-62.01171875,-75.68359375,15.625
14.6484375,-62.98828125,-82.51953125,12.6953125
26.85546875,-17.08984375,-80.078125,19.04296875
41.015625,1.953125,-77.1484375,19.04296875
38.0859375,-67.3828125,-75.1953125,14.16015625
17.578125,-92.28515625,-77.63671875,16.11328125
9.27734375,-60.546875,-71.77734375,23.4375
25.390625,-20.99609375,-62.01171875,35.64453125
41.50390625,-12.6953125,-62.98828125,32.2265625
36.62109375,-52.24609375,-60.546875,17.08984375
14.6484375,-83.49609375,-66.40625,14.6484375
7.8125,-60.546875,-67.3828125,21.97265625
20.01953125,-11.71875,-58.10546875,21.484375
36.62109375,-1.953125,-56.640625,11.23046875
32.2265625,-30.2734375,-58.59375,3.90625
13.18359375,-50.78125,-53.7109375,2.9296875
-1.953125,-63.96484375,-54.19921875,7.32421875
-2.9296875,-51.7578125,-61.5234375,7.8125
12.6953125,-18.06640625,-53.22265625,9.27734375
16.11328125,-33.203125,-43.45703125,8.30078125
2.44140625,-75.68359375,-47.8515625,0.48828125
-3.90625,-68.84765625,-53.7109375,2.44140625
5.37109375,-21.484375,-51.26953125,9.27734375
13.671875,1.953125,-54.19921875,5.37109375
10.25390625,-39.0625,-52.734375,6.34765625
-12.20703125,-82.03125,-42.48046875,4.8828125
-25.390625,-81.54296875,-37.59765625,0.9765625
-13.18359375,-16.6015625,-40.0390625,6.34765625
-3.41796875,-11.71875,-50.29296875,-8.30078125
-13.18359375,-54.6875,-60.05859375,-28.80859375
-22.94921875,-63.96484375,-55.6640625,-22.94921875
-32.2265625,-90.8203125,-56.15234375,-14.6484375
-36.1328125,-63.4765625,-51.7578125,-10.7421875
-25.390625,-33.69140625,-46.38671875,-18.5546875
-15.625,-42.48046875,-49.8046875,-29.78515625
-37.109375,-76.66015625,-53.7109375,-33.203125
-62.98828125,-91.796875,-58.10546875,-38.0859375
-58.59375,-53.7109375,-51.7578125,-41.9921875
-39.0625,-16.6015625,-40.0390625,-43.45703125
-38.57421875,-15.625,-40.0390625,-50.78125
-48.33984375,-79.58984375,-48.33984375,-56.15234375
-50.29296875,-106.93359375,-54.6875,-53.22265625
-52.734375,-63.96484375,-54.19921875,-46.38671875
-43.9453125,-37.109375,-55.17578125,-41.015625
-32.71484375,-27.34375,-52.24609375,-47.8515625
-40.52734375,-57.12890625,-57.6171875,-62.01171875
-53.7109375,-97.16796875,-64.94140625,-66.89453125
-58.10546875,-69.82421875,-61.03515625,-53.22265625
-45.8984375,-20.01953125,-52.24609375,-44.43359375
-26.85546875,-3.41796875,-48.33984375,-51.26953125
-38.0859375,-31.25,-43.45703125,-47.36328125
-46.38671875,-64.94140625,-37.59765625,-44.921875
-50.29296875,-67.3828125,-41.50390625,-45.41015625
-45.41015625,-36.62109375,-43.45703125,-35.64453125
-23.4375,-9.27734375,-48.828125,-39.55078125
-30.76171875,-44.921875,-50.78125,-53.22265625
-62.5,-83.49609375,-45.8984375,-51.26953125
-72.75390625,-68.359375,-44.43359375,-45.8984375
-52.24609375,-29.296875,-36.1328125,-38.57421875
-26.3671875,-10.25390625,-31.73828125,-41.9921875
-26.3671875,-35.64453125,-41.9921875,-54.6875
-47.36328125,-88.37890625,-44.43359375,-46.38671875
-61.03515625,-79.58984375,-41.50390625,-38.57421875
-60.546875,-19.53125,-46.38671875,-45.41015625
-46.875,-14.6484375,-46.875,-48.828125
-41.50390625,-43.9453125,-46.38671875,-51.7578125
-43.45703125,-77.63671875,-50.78125,-66.89453125
-62.5,-81.54296875,-55.17578125,-65.91796875
-62.01171875,-31.73828125,-46.875,-46.38671875
-34.1796875,-9.27734375,-40.0390625,-47.8515625
-22.94921875,-27.83203125,-46.875,-52.734375
-35.15625,-66.40625,-49.31640625,-60.546875
-59.5703125,-77.1484375,-47.8515625,-63.4765625
-71.2890625,-39.0625,-47.8515625,-59.5703125
-46.38671875,-1.953125,-42.96875,-62.01171875
-24.90234375,-12.20703125,-40.0390625,-64.94140625
-44.43359375,-67.3828125,-45.41015625,-64.94140625
-58.59375,-83.0078125,-49.8046875,-58.10546875
-63.96484375,-64.453125,-58.59375,-53.22265625
-53.22265625,-29.296875,-53.7109375,-52.734375
-34.1796875,-21.484375,-41.50390625,-54.19921875
-39.0625,-66.40625,-44.43359375,-63.4765625
-66.40625,-85.44921875,-49.31640625,-64.94140625
-63.96484375,-59.5703125,-51.7578125,-29.78515625
-42.48046875,-2.44140625,-50.78125,-27.34375
-49.31640625,-4.8828125,-50.78125,-52.24609375
-64.453125,-46.38671875,-58.59375,-63.4765625
-71.2890625,-56.15234375,-60.05859375,-55.6640625
-74.21875,-65.91796875,-53.22265625,-41.015625
-49.31640625,-21.484375,-49.8046875,-41.9921875
-31.25,-7.8125,-53.7109375,-50.29296875
-46.875,-68.359375,-54.6875,-54.19921875
-41.015625,-82.51953125,-47.8515625,-56.640625
-49.8046875,-46.38671875,-56.640625,-62.98828125
-45.8984375,-4.8828125,-54.6875,-54.19921875
-30.76171875,-11.23046875,-43.9453125,-40.52734375
-30.2734375,-38.0859375,-49.8046875,-49.8046875
-37.109375,-67.87109375,-53.7109375,-59.5703125
-59.5703125,-55.6640625,-51.7578125,-55.17578125
-54.6875,1.46484375,-41.015625,-44.43359375
-22.4609375,-8.7890625,-33.203125,-41.9921875
-40.52734375,-62.98828125,-41.50390625,-50.29296875
-59.5703125,-79.58984375,-43.9453125,-51.26953125
-46.875,-64.94140625,-42.48046875,-48.828125
-41.9921875,-17.578125,-42.48046875,-44.921875
-25.87890625,16.6015625,-40.0390625,-40.0390625
-28.80859375,-21.97265625,-40.52734375,-39.55078125
-42.48046875,-70.3125,-34.1796875,-35.15625
-46.875,-66.89453125,-43.45703125,-37.59765625
-46.875,-19.53125,-53.7109375,-42.48046875
-28.80859375,0.48828125,-41.50390625,-29.78515625
-17.08984375,-6.34765625,-32.2265625,-28.3203125
-33.69140625,-59.5703125,-40.52734375,-44.43359375
-53.7109375,-91.30859375,-50.78125,-56.640625
-44.921875,-38.0859375,-48.33984375,-44.43359375
-22.4609375,-3.41796875,-38.57421875,-35.15625
-12.6953125,-23.92578125,-37.109375,-41.9921875
-24.4140625,-59.5703125,-44.43359375,-46.875
-40.52734375,-70.80078125,-52.734375,-48.33984375
-37.59765625,-32.2265625,-56.15234375,-42.48046875
-30.2734375,-2.9296875,-48.828125,-39.0625
-23.4375,-35.64453125,-42.96875,-37.59765625
-23.4375,-62.5,-42.48046875,-34.1796875
-43.9453125,-54.6875,-48.828125,-52.24609375
-59.5703125,-53.7109375,-52.24609375,-54.6875
-39.0625,-33.203125,-42.96875,-32.2265625
-27.83203125,-9.27734375,-35.64453125,-33.69140625
-42.96875,-56.640625,-41.015625,-42.96875
-56.640625,-82.03125,-45.8984375,-32.71484375
-61.5234375,-59.08203125,-56.640625,-29.296875
-46.38671875,-16.11328125,-61.03515625,-33.69140625
-32.71484375,-10.7421875,-43.9453125,-42.48046875
-36.1328125,-51.7578125,-47.8515625,-51.26953125
-43.9453125,-72.75390625,-47.36328125,-44.43359375
-53.7109375,-75.1953125,-35.15625,-36.1328125
-54.6875,-2.9296875,-40.0390625,-34.1796875
-34.66796875,-1.46484375,-58.59375,-41.9921875
-28.3203125,-65.4296875,-47.36328125,-35.15625
-38.57421875,-76.171875,-35.15625,-37.109375
-50.78125,-68.84765625,-42.96875,-30.76171875
-42.96875,-22.94921875,-41.50390625,-20.5078125
-23.92578125,0.0,-45.41015625,-20.5078125
-28.3203125,-43.45703125,-45.41015625,-22.4609375
-43.9453125,-68.84765625,-47.8515625,-34.1796875
-49.8046875,-55.6640625,-51.7578125,-35.15625
-34.66796875,-26.85546875,-47.36328125,-21.484375
-28.80859375,-12.6953125,-41.50390625,-21.97265625
-28.80859375,-22.4609375,-41.9921875,-39.55078125
-40.0390625,-81.0546875,-50.29296875,-48.828125
-62.5,-107.91015625,-50.78125,-44.921875
-51.26953125,-40.52734375,-45.41015625,-40.52734375
-27.83203125,-29.296875,-47.8515625,-27.83203125
-34.66796875,-35.64453125,-48.828125,-41.50390625
-53.7109375,-59.5703125,-52.24609375,-60.05859375
-62.01171875,-64.94140625,-52.734375,-48.33984375
-46.38671875,-30.2734375,-46.875,-38.57421875
-32.71484375,-12.6953125,-44.43359375,-33.203125
-32.71484375,-28.80859375,-41.9921875,-41.015625
-43.9453125,-71.2890625,-47.8515625,-52.734375
-64.94140625,-82.51953125,-49.8046875,-52.24609375
-58.10546875,-54.19921875,-45.8984375,-41.50390625
-35.64453125,-24.4140625,-39.55078125,-24.90234375
-37.59765625,-42.48046875,-35.15625,-38.57421875
-46.875,-82.03125,-46.875,-49.8046875
-53.7109375,-69.3359375,-48.828125,-37.109375
-41.50390625,-26.3671875,-48.33984375,-30.76171875
-39.0625,-25.87890625,-48.33984375,-30.76171875
-36.62109375,-27.83203125,-42.96875,-30.76171875
-33.69140625,-45.8984375,-39.55078125,-41.015625
-52.24609375,-76.171875,-32.71484375,-43.45703125
-54.19921875,-50.29296875,-33.203125,-35.15625
-38.57421875,2.9296875,-37.59765625,-39.55078125
-42.48046875,-27.34375,-41.9921875,-53.7109375
-51.7578125,-69.3359375,-46.38671875,-50.78125
-60.546875,-83.984375,-48.33984375,-52.24609375
-68.84765625,-72.265625,-42.48046875,-49.8046875
-52.734375,-7.8125,-44.43359375,-41.015625
-46.38671875,-9.27734375,-54.19921875,-50.78125
-55.17578125,-67.87109375,-53.7109375,-52.734375
-60.05859375,-83.984375,-52.24609375,-49.31640625
-62.5,-51.26953125,-47.36328125,-39.0625
-51.7578125,-23.92578125,-44.921875,-36.62109375
-40.0390625,-11.23046875,-51.7578125,-37.59765625
-43.9453125,-24.90234375,-54.19921875,-42.96875
-62.01171875,-96.6796875,-52.734375,-51.7578125
-70.3125,-97.16796875,-51.26953125,-48.828125
-61.5234375,-35.15625,-48.33984375,-46.38671875
-47.36328125,-11.23046875,-37.109375,-41.015625
-41.50390625,-41.50390625,-35.15625,-39.0625
-51.26953125,-79.58984375,-42.48046875,-51.7578125
-60.05859375,-79.58984375,-46.38671875,-51.26953125
-62.5,-35.64453125,-48.33984375,-39.55078125
-44.43359375,-10.7421875,-46.875,-39.0625
-29.296875,-36.1328125,-47.8515625,-38.0859375
-47.36328125,-82.03125,-47.8515625,-43.45703125
-60.546875,-77.1484375,-42.96875,-38.57421875
-57.12890625,-22.4609375,-39.0625,-35.15625
-39.55078125,-34.1796875,-42.96875,-38.0859375
-34.66796875,-50.29296875,-46.875,-41.015625
-37.109375,-59.5703125,-44.43359375,-44.921875
-45.41015625,-85.9375,-43.9453125,-42.48046875
-44.921875,-41.9921875,-47.8515625,-41.50390625
-26.3671875,-7.32421875,-45.8984375,-40.0390625
-11.23046875,-20.01953125,-45.41015625,-35.15625
-22.94921875,-60.546875,-45.41015625,-43.45703125
-43.45703125,-82.51953125,-48.828125,-43.9453125
-51.26953125,-28.3203125,-55.6640625,-41.015625
-39.0625,17.578125,-54.19921875,-50.78125
-25.390625,-18.06640625,-46.875,-44.43359375
-40.52734375,-84.9609375,-45.41015625,-47.36328125
-69.82421875,-77.1484375,-49.31640625,-62.01171875
-74.21875,-46.875,-52.24609375,-65.4296875
-52.734375,-22.94921875,-40.52734375,-50.78125
-46.875,-16.11328125,-37.59765625,-53.7109375
-53.22265625,-57.12890625,-43.9453125,-58.59375
-47.8515625,-77.63671875,-45.41015625,-51.26953125
-55.17578125,-64.453125,-40.0390625,-45.8984375
-59.5703125,-26.3671875,-35.15625,-50.78125
-32.2265625,-11.23046875,-40.52734375,-60.05859375
-30.76171875,-48.828125,-49.8046875,-61.03515625
-54.6875,-96.19140625,-45.41015625,-43.45703125
-53.22265625,-83.984375,-41.9921875,-22.94921875
-35.64453125,-4.8828125,-35.64453125,-25.390625
-26.3671875,-8.7890625,-33.203125,-34.1796875
-23.92578125,-49.31640625,-40.0390625,-27.83203125
-43.45703125,-65.91796875,-44.43359375,-34.66796875
-55.17578125,-75.68359375,-47.36328125,-40.0390625
-37.109375,-26.85546875,-44.921875,-33.203125
-29.78515625,-9.27734375,-46.875,-39.55078125
-32.2265625,-42.48046875,-41.50390625,-41.9921875
-33.203125,-57.6171875,-42.48046875,-46.38671875
-48.33984375,-50.29296875,-48.828125,-51.26953125
-62.98828125,-21.484375,-48.33984375,-51.26953125
-45.41015625,-20.99609375,-47.36328125,-41.50390625
-36.1328125,-43.9453125,-46.875,-38.57421875
-48.33984375,-67.87109375,-43.45703125,-40.52734375
-60.05859375,-69.82421875,-36.1328125,-34.1796875
-53.7109375,-26.3671875,-35.15625,-36.1328125
-27.34375,-3.41796875,-34.66796875,-30.76171875
-25.87890625,-19.04296875,-35.15625,-23.92578125
-48.828125,-57.6171875,-35.15625,-35.64453125
-77.1484375,-103.02734375,-36.1328125,-55.6640625
-75.68359375,-52.734375,-41.50390625,-50.29296875
-53.7109375,13.18359375,-41.50390625,-37.109375
-56.15234375,-27.83203125,-45.41015625,-39.0625
-60.05859375,-78.125,-51.26953125,-43.45703125
-66.89453125,-78.61328125,-54.6875,-48.33984375
-70.3125,-54.6875,-55.6640625,-43.45703125
-51.7578125,-18.5546875,-49.8046875,-42.48046875
-36.62109375,-20.01953125,-41.015625,-50.29296875
-42.96875,-62.01171875,-41.50390625,-51.7578125
-65.91796875,-80.56640625,-51.26953125,-54.19921875
-72.265625,-56.15234375,-58.10546875,-52.734375
-50.78125,-26.85546875,-53.22265625,-45.41015625
-35.64453125,-16.6015625,-47.8515625,-43.45703125
-44.43359375,-37.59765625,-50.29296875,-46.875
-62.01171875,-60.05859375,-48.828125,-57.6171875
-71.2890625,-67.3828125,-47.36328125,-56.15234375
-62.98828125,-35.15625,-43.9453125,-40.0390625
-48.33984375,-21.484375,-49.31640625,-45.8984375
-44.921875,-66.89453125,-53.7109375,-46.875
-56.640625,-86.42578125,-55.17578125,-43.45703125
-60.546875,-65.91796875,-51.7578125,-45.41015625
-41.9921875,-19.53125,-43.45703125,-41.015625
-34.1796875,-11.71875,-41.015625,-39.0625
-44.921875,-39.55078125,-37.59765625,-45.41015625
-55.6640625,-57.6171875,-40.52734375,-47.36328125
-60.05859375,-43.45703125,-38.57421875,-37.59765625
-50.78125,-33.203125,-44.43359375,-35.15625
-37.59765625,-13.671875,-46.38671875,-37.59765625
-43.45703125,-39.55078125,-40.0390625,-42.96875
-66.89453125,-102.05078125,-39.55078125,-41.50390625
-79.1015625,-85.9375,-43.9453125,-45.8984375
-63.96484375,-33.69140625,-44.921875,-39.55078125
-41.50390625,-19.04296875,-41.9921875,-38.57421875
-39.0625,-43.9453125,-45.8984375,-58.59375
-54.19921875,-76.66015625,-48.828125,-59.08203125
-59.5703125,-67.3828125,-43.45703125,-56.640625
-60.05859375,-18.5546875,-41.015625,-65.4296875
-51.7578125,-0.48828125,-40.0390625,-58.10546875
-45.8984375,-55.6640625,-39.55078125,-50.29296875
-58.59375,-92.7734375,-42.96875,-57.12890625
-69.82421875,-83.0078125,-51.26953125,-64.94140625
-70.80078125,-49.31640625,-58.59375,-68.84765625
-50.29296875,-2.44140625,-51.7578125,-53.22265625
-48.33984375,-32.71484375,-49.8046875,-54.19921875
-65.4296875,-100.09765625,-56.640625,-75.68359375
-76.171875,-94.23828125,-53.22265625,-69.3359375
-75.68359375,-57.6171875,-50.78125,-53.7109375
-61.03515625,-29.296875,-54.6875,-50.78125
-52.734375,-43.45703125,-54.19921875,-54.6875
-48.828125,-64.453125,-54.19921875,-62.98828125
-60.546875,-94.7265625,-53.7109375,-60.05859375
-68.359375,-76.171875,-56.15234375,-51.7578125
-48.33984375,-20.99609375,-57.6171875,-49.31640625
-32.2265625,-34.66796875,-47.8515625,-49.8046875
-58.10546875,-86.9140625,-43.45703125,-50.78125
-66.89453125,-95.21484375,-54.19921875,-57.12890625
-53.7109375,-68.84765625,-55.6640625,-57.12890625
-45.8984375,-19.53125,-53.22265625,-58.10546875
-34.1796875,-7.8125,-51.26953125,-42.96875
-48.828125,-77.1484375,-54.6875,-46.875
-73.2421875,-100.5859375,-56.640625,-68.84765625
-72.265625,-51.7578125,-51.26953125,-64.94140625
-56.640625,-17.08984375,-53.22265625,-60.05859375
-43.45703125,-42.96875,-55.6640625,-69.82421875
-45.41015625,-64.453125,-51.7578125,-74.21875
-59.08203125,-81.0546875,-51.7578125,-74.21875
-64.453125,-76.66015625,-51.26953125,-65.91796875
-58.10546875,-23.92578125,-49.31640625,-55.6640625
-39.55078125,-8.7890625,-50.78125,-62.98828125
-35.64453125,-57.12890625,-48.828125,-67.87109375
-53.22265625,-82.51953125,-45.8984375,-62.98828125
-68.84765625,-76.171875,-49.31640625,-60.546875
-68.359375,-32.71484375,-54.6875,-50.29296875
-50.78125,-5.37109375,-52.24609375,-56.15234375
-36.1328125,-33.203125,-49.31640625,-70.80078125
-44.43359375,-104.4921875,-47.36328125,-68.84765625
-64.453125,-104.98046875,-43.45703125,-57.12890625
-59.08203125,-39.0625,-41.9921875,-44.921875
-43.45703125,-14.6484375,-45.8984375,-39.55078125
-40.0390625,-38.57421875,-41.015625,-46.875
-37.59765625,-73.2421875,-36.62109375,-56.640625
-46.875,-69.3359375,-38.0859375,-58.59375
-52.734375,-48.828125,-39.0625,-50.78125
-31.25,-28.3203125,-38.57421875,-42.96875
-27.83203125,-26.85546875,-37.59765625,-49.31640625
-41.50390625,-44.921875,-38.57421875,-57.12890625
-51.26953125,-93.75,-41.015625,-60.546875
-58.10546875,-65.91796875,-47.8515625,-60.546875
-40.0390625,-2.9296875,-43.45703125,-55.6640625
-34.66796875,-38.57421875,-41.9921875,-55.6640625
-47.36328125,-78.61328125,-46.875,-56.15234375
-52.24609375,-78.125,-44.921875,-59.08203125
-57.12890625,-47.36328125,-44.43359375,-58.10546875
-41.9921875,-16.11328125,-41.015625,-49.31640625
-28.3203125,-16.6015625,-39.55078125,-50.78125
-41.50390625,-62.98828125,-44.43359375,-61.5234375
-57.12890625,-79.58984375,-43.9453125,-62.98828125
-64.94140625,-45.41015625,-46.875,-51.26953125
-52.24609375,-23.92578125,-50.29296875,-41.015625
-40.52734375,-29.296875,-43.9453125,-40.0390625
-42.48046875,-58.10546875,-38.57421875,-50.78125
-60.05859375,-82.51953125,-40.52734375,-55.6640625
-66.89453125,-63.96484375,-44.43359375,-48.828125
-43.9453125,-4.39453125,-45.41015625,-39.0625
-24.4140625,-12.20703125,-47.8515625,-41.015625
-31.73828125,-61.03515625,-48.828125,-47.36328125
-56.15234375,-87.890625,-45.41015625,-45.8984375
-58.59375,-71.2890625,-43.45703125,-41.9921875
-39.0625,-6.8359375,-46.38671875,-43.45703125
-27.83203125,12.20703125,-50.78125,-42.96875
-33.203125,-58.10546875,-49.31640625,-49.8046875
-49.8046875,-95.21484375,-48.33984375,-56.15234375
-58.59375,-73.2421875,-48.828125,-48.828125
-51.26953125,-20.5078125,-49.8046875,-44.921875
-33.69140625,-1.46484375,-48.33984375,-44.43359375
-32.2265625,-33.203125,-47.36328125,-46.875
-48.33984375,-68.359375,-48.33984375,-52.734375
-60.546875,-77.1484375,-47.36328125,-50.29296875
-56.640625,-26.85546875,-48.828125,-43.45703125
-44.43359375,-13.671875,-46.875,-38.57421875
-44.43359375,-32.2265625,-45.8984375,-47.36328125
-53.22265625,-59.08203125,-52.24609375,-56.15234375
-62.01171875,-86.9140625,-60.546875,-61.03515625
-58.59375,-51.7578125,-53.7109375,-50.78125
-49.8046875,-17.08984375,-43.9453125,-41.50390625
-48.33984375,-42.96875,-45.8984375,-52.734375
-52.734375,-66.40625,-45.41015625,-56.640625
-64.94140625,-77.63671875,-44.921875,-56.640625
-66.40625,-46.875,-45.8984375,-56.15234375
-47.8515625,-18.06640625,-45.41015625,-53.7109375
-37.109375,-21.484375,-43.45703125,-55.17578125
-44.43359375,-65.4296875,-43.45703125,-56.15234375
-54.6875,-80.56640625,-46.38671875,-51.26953125
-58.10546875,-25.87890625,-44.43359375,-41.9921875
-47.36328125,-6.34765625,-41.9921875,-39.0625
-39.0625,-37.109375,-41.50390625,-39.55078125
-52.734375,-73.73046875,-41.50390625,-42.96875
-65.4296875,-86.42578125,-44.921875,-47.36328125
-62.98828125,-63.96484375,-46.875,-40.52734375
-52.24609375,-13.18359375,-50.29296875,-37.109375
-41.015625,-18.06640625,-54.6875,-42.48046875
-46.38671875,-56.15234375,-46.875,-50.29296875
-65.4296875,-64.94140625,-45.8984375,-61.03515625
-75.1953125,-60.546875,-50.78125,-61.5234375
-61.5234375,-18.06640625,-48.828125,-55.17578125
-36.1328125,16.11328125,-44.921875,-47.36328125
-39.0625,-22.4609375,-41.015625,-53.22265625
-80.078125,-66.40625,-51.7578125,-87.40234375
-88.37890625,-48.33984375,-53.7109375,-86.9140625
-80.078125,-19.04296875,-41.50390625,-74.21875
-93.26171875,-2.44140625,-37.109375,-95.703125
-104.4921875,-31.25,-40.52734375,-113.28125
-119.140625,-55.17578125,-46.38671875,-124.0234375
-131.8359375,-42.48046875,-50.78125,-127.9296875
-125.48828125,-16.11328125,-45.8984375,-127.9296875
-118.65234375,-2.44140625,-34.1796875,-127.9296875
-121.09375,-21.484375,-32.71484375,-127.44140625
-129.8828125,-52.734375,-38.57421875,-130.859375
-142.08984375,-70.80078125,-40.0390625,-131.8359375
-151.85546875,-47.36328125,-44.921875,-138.18359375
-123.046875,-22.94921875,-46.875,-127.44140625
-106.93359375,-42.96875,-33.203125,-119.140625
-127.44140625,-71.2890625,-33.203125,-118.1640625
-126.953125,-76.66015625,-37.109375,-102.05078125
-125.48828125,-59.08203125,-37.109375,-106.93359375
-100.5859375,-24.90234375,-38.57421875,-92.28515625
-83.49609375,-32.2265625,-30.2734375,-83.984375
-102.5390625,-83.49609375,-29.296875,-103.02734375
-101.07421875,-91.796875,-28.80859375,-90.33203125
-97.16796875,-43.45703125,-27.83203125,-83.49609375
-81.54296875,-37.109375,-31.73828125,-80.078125
-64.94140625,-66.89453125,-29.296875,-70.80078125
-78.125,-84.47265625,-30.2734375,-81.0546875
-88.37890625,-96.19140625,-35.15625,-77.1484375
-83.49609375,-87.890625,-40.52734375,-61.03515625
-62.5,-35.15625,-38.0859375,-48.828125
-47.8515625,-32.2265625,-38.0859375,-48.828125
-52.734375,-72.265625,-40.0390625,-56.640625
-65.91796875,-86.9140625,-38.0859375,-56.15234375
-67.3828125,-81.54296875,-42.48046875,-48.33984375
-39.55078125,-24.90234375,-41.50390625,-37.59765625
-25.390625,-6.34765625,-39.55078125,-39.55078125
-40.52734375,-75.1953125,-44.43359375,-48.828125
-61.03515625,-111.328125,-47.8515625,-49.31640625
-66.40625,-83.49609375,-47.36328125,-44.43359375
-51.7578125,-34.66796875,-42.48046875,-36.1328125
-36.1328125,-24.4140625,-33.69140625,-34.1796875
-44.921875,-62.98828125,-29.78515625,-44.43359375
-67.87109375,-92.28515625,-29.296875,-52.734375
-77.63671875,-73.2421875,-31.25,-57.12890625
-72.75390625,-9.765625,-34.66796875,-57.6171875
-70.3125,-8.30078125,-36.1328125,-66.89453125
-76.66015625,-49.8046875,-41.9921875,-74.21875
-83.984375,-57.6171875,-41.50390625,-69.3359375
-118.1640625,-78.125,-37.59765625,-91.796875
-145.5078125,-56.640625,-33.203125,-119.62890625
-124.0234375,-20.99609375,-23.4375,-112.3046875
-112.79296875,-51.7578125,-18.5546875,-107.91015625
-123.046875,-69.3359375,-20.99609375,-110.83984375
-148.92578125,-78.61328125,-23.4375,-118.65234375
-147.94921875,-39.0625,-26.85546875,-120.1171875
-108.3984375,-4.39453125,-22.94921875,-106.4453125
-107.421875,-39.0625,-22.4609375,-111.328125
-118.65234375,-85.44921875,-31.73828125,-113.76953125
-117.1875,-81.54296875,-35.64453125,-103.02734375
-104.98046875,-22.94921875,-33.69140625,-93.26171875
-75.68359375,-25.87890625,-32.2265625,-82.51953125
-68.84765625,-52.24609375,-29.296875,-76.171875
-76.66015625,-69.82421875,-31.73828125,-76.66015625
-79.58984375,-93.75,-36.1328125,-74.70703125
-78.125,-55.6640625,-38.0859375,-67.87109375
-58.59375,-18.06640625,-43.45703125,-54.19921875
-44.43359375,-44.43359375,-46.875,-43.45703125
-50.29296875,-87.890625,-49.31640625,-45.8984375
-62.5,-101.5625,-55.17578125,-48.33984375
-57.12890625,-70.80078125,-52.24609375,-35.15625
-28.3203125,-21.484375,-41.50390625,-19.04296875
-14.16015625,-17.578125,-41.50390625,-20.5078125
-20.01953125,-73.2421875,-49.8046875,-26.3671875
-26.3671875,-97.16796875,-53.22265625,-16.11328125
-26.85546875,-71.2890625,-50.29296875,-7.8125
-12.20703125,-38.57421875,-50.29296875,-5.859375
0.0,-28.3203125,-55.17578125,-3.90625
-0.48828125,-67.3828125,-56.640625,-1.953125
-12.20703125,-98.6328125,-55.6640625,-1.46484375
-13.18359375,-75.68359375,-50.78125,2.9296875
0.0,-27.34375,-50.78125,4.39453125
11.23046875,-20.5078125,-51.7578125,4.39453125
10.25390625,-52.734375,-49.8046875,4.39453125
-3.41796875,-53.7109375,-48.33984375,-1.953125
-5.859375,-70.3125,-45.8984375,-0.9765625
0.9765625,-49.31640625,-46.38671875,0.48828125
3.41796875,-23.4375,-50.78125,-1.953125
0.9765625,-46.875,-51.7578125,-7.32421875
-10.7421875,-72.75390625,-56.15234375,-12.20703125
-22.4609375,-74.21875,-59.5703125,-10.25390625
-17.578125,-26.3671875,-56.15234375,-7.32421875
-1.953125,-0.9765625,-54.19921875,-4.8828125
-6.34765625,-34.66796875,-54.19921875,-18.5546875
-24.90234375,-94.7265625,-55.6640625,-28.3203125
-27.34375,-73.2421875,-56.640625,-18.06640625
-22.94921875,-4.39453125,-58.59375,-15.13671875
-11.71875,-8.7890625,-58.10546875,-13.18359375
-6.34765625,-49.31640625,-57.12890625,-14.6484375
-23.92578125,-96.19140625,-64.94140625,-26.3671875
-34.66796875,-82.03125,-61.5234375,-24.90234375
-22.94921875,-25.390625,-51.26953125,-11.71875
-7.8125,-12.6953125,-55.6640625,-11.71875
-11.71875,-35.15625,-62.98828125,-20.5078125
-32.71484375,-78.61328125,-59.5703125,-32.71484375
-44.921875,-90.33203125,-54.19921875,-26.85546875
-40.52734375,-55.17578125,-51.7578125,-17.08984375
-27.34375,-28.3203125,-47.36328125,-18.5546875
-21.97265625,-21.484375,-46.38671875,-23.4375
-35.64453125,-78.125,-52.24609375,-35.64453125
-51.7578125,-110.83984375,-62.5,-35.64453125
-51.26953125,-62.5,-61.5234375,-26.3671875
-34.66796875,-18.5546875,-51.7578125,-29.78515625
-27.34375,-28.3203125,-48.33984375,-33.69140625
-40.0390625,-66.89453125,-51.7578125,-41.015625
-56.640625,-88.37890625,-53.7109375,-43.45703125
-57.6171875,-62.5,-54.6875,-32.71484375
-41.50390625,-18.06640625,-54.19921875,-29.296875
-30.76171875,-22.94921875,-52.734375,-37.109375
-35.64453125,-54.19921875,-46.38671875,-39.55078125
-45.41015625,-49.31640625,-47.36328125,-36.62109375
-51.26953125,-71.77734375,-52.24609375,-34.66796875
-38.57421875,-35.15625,-49.8046875,-36.1328125
-20.99609375,5.37109375,-47.36328125,-35.64453125
-23.4375,-63.96484375,-48.33984375,-37.109375
-32.71484375,-90.8203125,-45.8984375,-30.76171875
-43.45703125,-60.546875,-49.8046875,-29.78515625
-32.71484375,-15.13671875,-48.828125,-25.390625
-12.6953125,-4.39453125,-42.48046875,-19.04296875
-17.578125,-41.015625,-47.36328125,-28.80859375
-34.1796875,-72.75390625,-45.41015625,-31.73828125
-45.41015625,-55.6640625,-36.1328125,-26.3671875
-42.48046875,-2.44140625,-39.55078125,-29.78515625
-31.25,-20.99609375,-43.45703125,-36.62109375
-38.57421875,-67.87109375,-46.38671875,-44.921875
-60.05859375,-83.0078125,-48.828125,-51.26953125
-68.359375,-85.9375,-46.38671875,-45.41015625
-63.4765625,-43.9453125,-50.78125,-42.48046875
-47.36328125,-6.34765625,-50.29296875,-41.50390625
-37.59765625,-39.55078125,-46.38671875,-43.9453125
-48.828125,-87.890625,-54.6875,-52.734375
-57.12890625,-77.1484375,-57.12890625,-51.26953125
-47.8515625,-22.94921875,-52.734375,-48.33984375
-30.2734375,-3.41796875,-50.78125,-46.875
-24.4140625,-19.53125,-46.875,-44.921875
-42.96875,-73.73046875,-52.24609375,-55.6640625
-54.6875,-94.7265625,-53.7109375,-58.10546875
-48.828125,-46.38671875,-47.36328125,-50.29296875
-35.15625,-18.06640625,-46.38671875,-47.8515625
-33.203125,-40.0390625,-50.29296875,-52.734375
-33.203125,-70.3125,-56.640625,-49.8046875
-44.43359375,-83.49609375,-55.6640625,-41.9921875
-69.82421875,-51.26953125,-51.26953125,-50.78125
-61.03515625,-14.16015625,-47.8515625,-56.15234375
-49.31640625,-43.45703125,-43.9453125,-56.15234375
-55.17578125,-69.82421875,-49.8046875,-56.640625
-59.5703125,-66.89453125,-45.8984375,-52.734375
-67.3828125,-59.08203125,-37.109375,-51.26953125
-52.734375,-37.59765625,-36.1328125,-46.38671875
-39.55078125,-28.3203125,-41.9921875,-48.33984375
-52.24609375,-62.5,-42.96875,-58.59375
-62.5,-86.42578125,-41.9921875,-55.17578125
-63.4765625,-57.6171875,-51.26953125,-46.38671875
-50.29296875,-12.6953125,-53.7109375,-45.8984375
-44.43359375,-18.06640625,-46.38671875,-47.8515625
-51.7578125,-60.05859375,-50.29296875,-49.31640625
-59.5703125,-82.51953125,-55.17578125,-55.17578125
-69.3359375,-58.59375,-51.7578125,-54.19921875
-53.22265625,5.859375,-50.78125,-40.52734375
-32.2265625,2.44140625,-48.828125,-32.71484375
-39.55078125,-68.84765625,-43.9453125,-39.0625
-55.17578125,-88.8671875,-41.9921875,-41.50390625
-55.17578125,-59.08203125,-43.45703125,-32.71484375
-39.0625,-16.6015625,-45.8984375,-24.4140625
-27.83203125,-4.39453125,-47.8515625,-29.78515625
-32.2265625,-42.96875,-47.36328125,-39.55078125
-55.17578125,-85.44921875,-47.36328125,-52.734375
-63.4765625,-74.70703125,-45.8984375,-49.8046875
-45.8984375,-22.4609375,-44.43359375,-35.15625
-32.2265625,-0.9765625,-50.78125,-41.015625
-33.203125,-19.04296875,-50.78125,-47.8515625
-47.8515625,-87.40234375,-50.29296875,-51.26953125
-63.96484375,-83.0078125,-52.24609375,-53.7109375
-59.08203125,-10.25390625,-52.24609375,-52.24609375
-43.9453125,-16.11328125,-50.78125,-52.24609375
-40.52734375,-29.78515625,-47.8515625,-53.7109375
-51.26953125,-57.12890625,-47.8515625,-60.546875
-67.87109375,-77.63671875,-45.8984375,-62.5
-68.84765625,-42.96875,-45.41015625,-53.22265625
-45.8984375,-10.25390625,-39.0625,-44.921875
-34.1796875,-26.3671875,-37.109375,-46.38671875
-42.96875,-53.7109375,-45.41015625,-54.19921875
-37.59765625,-50.78125,-51.7578125,-38.57421875
-20.01953125,-37.109375,-45.41015625,-6.8359375
-26.85546875,-21.484375,-35.15625,-18.06640625
-36.1328125,-29.296875,-36.62109375,-39.55078125
-50.29296875,-68.84765625,-38.0859375,-49.31640625
-70.3125,-82.03125,-37.59765625,-56.640625
-81.54296875,-59.5703125,-40.52734375,-55.6640625
-73.2421875,-36.62109375,-39.55078125,-54.6875
-59.5703125,-41.015625,-32.71484375,-48.33984375
-70.80078125,-78.125,-27.83203125,-59.5703125
-90.33203125,-96.19140625,-25.390625,-66.40625
-104.4921875,-68.84765625,-28.80859375,-64.453125
-80.078125,-18.06640625,-25.390625,-53.22265625
-67.3828125,-39.0625,-24.4140625,-62.5
-83.49609375,-89.35546875,-30.76171875,-83.0078125
-94.7265625,-96.19140625,-30.76171875,-77.1484375
-90.8203125,-68.359375,-29.78515625,-69.82421875
-72.75390625,-17.08984375,-29.78515625,-67.3828125
-63.4765625,-20.5078125,-36.1328125,-66.40625
-60.546875,-61.5234375,-37.109375,-64.94140625
-72.75390625,-78.125,-34.1796875,-67.87109375
-81.54296875,-65.4296875,-34.1796875,-62.98828125
-68.359375,-33.203125,-34.66796875,-59.08203125
-50.29296875,-15.13671875,-35.15625,-60.546875
-44.921875,-33.69140625,-38.57421875,-55.6640625
-57.12890625,-79.58984375,-42.96875,-58.59375
-63.4765625,-88.8671875,-49.8046875,-59.5703125
-49.8046875,-31.25,-46.38671875,-45.41015625
-33.203125,-15.625,-43.45703125,-40.0390625
-33.69140625,-48.828125,-53.22265625,-48.828125
-44.921875,-90.33203125,-65.91796875,-55.6640625
-50.78125,-90.33203125,-60.05859375,-47.36328125
-43.45703125,-35.15625,-47.36328125,-36.62109375
-26.3671875,-14.16015625,-46.38671875,-35.64453125
-24.4140625,-29.78515625,-45.41015625,-34.1796875
-36.1328125,-66.40625,-48.33984375,-37.109375
-46.875,-65.4296875,-46.875,-37.109375
-50.29296875,-31.73828125,-43.45703125,-31.25
-44.43359375,-40.52734375,-42.96875,-32.71484375
-41.50390625,-46.38671875,-41.50390625,-44.43359375
-51.26953125,-73.73046875,-43.9453125,-53.7109375
-66.89453125,-92.7734375,-51.26953125,-54.19921875
-64.453125,-47.8515625,-57.6171875,-45.41015625
-39.0625,-7.8125,-49.8046875,-34.66796875
-30.76171875,-25.390625,-48.828125,-38.57421875
-43.9453125,-62.98828125,-49.31640625,-44.921875
-61.03515625,-80.078125,-47.36328125,-44.921875
-64.94140625,-50.29296875,-54.19921875,-40.52734375
-49.31640625,14.6484375,-53.7109375,-38.57421875
-36.1328125,-24.4140625,-47.8515625,-39.0625
-45.41015625,-82.51953125,-51.26953125,-47.36328125
-59.08203125,-66.40625,-51.7578125,-55.6640625
-59.5703125,-59.5703125,-52.734375,-46.38671875
-39.0625,-9.765625,-55.17578125,-36.1328125
-20.99609375,2.9296875,-51.7578125,-38.0859375
-29.296875,-54.19921875,-53.22265625,-42.96875
-46.875,-82.03125,-51.26953125,-43.9453125
-51.7578125,-68.84765625,-48.828125,-39.0625
-38.0859375,-23.4375,-52.24609375,-28.3203125
-26.85546875,10.7421875,-45.8984375,-25.390625
-34.66796875,-27.83203125,-39.0625,-30.76171875
-48.828125,-87.890625,-41.015625,-32.71484375
-62.01171875,-79.58984375,-48.828125,-38.0859375
-56.15234375,-27.83203125,-53.7109375,-42.48046875
-35.64453125,-12.6953125,-52.734375,-42.96875
-29.296875,-41.015625,-52.734375,-44.43359375
-42.48046875,-64.94140625,-53.7109375,-38.57421875
-53.7109375,-83.0078125,-50.29296875,-32.2265625
-47.36328125,-45.8984375,-50.29296875,-37.59765625
-29.78515625,-5.37109375,-46.875,-39.0625
-27.83203125,-41.9921875,-39.0625,-40.0390625
-46.875,-72.75390625,-34.66796875,-43.9453125
-60.546875,-63.4765625,-35.15625,-41.015625
-55.6640625,-40.0390625,-40.52734375,-41.015625
-38.57421875,-22.94921875,-47.36328125,-42.96875
-35.64453125,-39.0625,-49.31640625,-47.36328125
-45.41015625,-70.3125,-44.43359375,-51.7578125
-54.6875,-76.66015625,-47.8515625,-47.36328125
-46.38671875,-36.1328125,-50.29296875,-32.2265625
-27.83203125,-17.578125,-47.8515625,-21.97265625
-22.94921875,-23.4375,-41.50390625,-25.87890625
-36.62109375,-61.5234375,-38.0859375,-32.71484375
-53.7109375,-96.19140625,-38.57421875,-32.2265625
-62.01171875,-41.50390625,-45.8984375,-37.59765625
-51.7578125,8.7890625,-47.8515625,-46.38671875
-45.41015625,-30.76171875,-45.41015625,-49.31640625
-55.6640625,-83.0078125,-51.26953125,-53.7109375
-68.84765625,-83.49609375,-48.828125,-59.5703125
-62.01171875,-45.8984375,-41.015625,-53.22265625
-37.109375,-14.6484375,-42.48046875,-40.0390625
-23.4375,-18.06640625,-44.43359375,-38.0859375
-37.59765625,-63.96484375,-49.31640625,-46.38671875
-54.19921875,-75.68359375,-53.22265625,-49.8046875
-47.8515625,-41.50390625,-45.8984375,-41.9921875
-31.73828125,-11.71875,-47.36328125,-38.0859375
-22.4609375,-8.30078125,-52.734375,-41.015625
-26.85546875,-37.109375,-54.6875,-46.875
-42.48046875,-74.70703125,-56.15234375,-51.26953125
-57.12890625,-85.9375,-52.734375,-53.7109375
-48.828125,-37.109375,-44.921875,-47.8515625
-35.15625,-14.16015625,-40.0390625,-40.52734375
-43.9453125,-62.01171875,-42.48046875,-47.8515625
-57.6171875,-81.0546875,-45.8984375,-49.31640625
-65.91796875,-63.96484375,-45.8984375,-44.43359375
-62.01171875,-34.66796875,-46.875,-44.921875
-48.828125,-27.34375,-43.9453125,-48.33984375
-48.33984375,-60.05859375,-46.38671875,-46.875
-59.08203125,-84.47265625,-52.24609375,-41.50390625
-66.89453125,-52.24609375,-53.7109375,-39.0625
-51.7578125,-31.73828125,-48.33984375,-35.15625
-35.64453125,-24.90234375,-48.33984375,-33.69140625
-40.52734375,-29.296875,-52.734375,-47.8515625
-47.8515625,-100.5859375,-47.8515625,-50.29296875
-56.15234375,-94.7265625,-42.48046875,-35.15625
-49.8046875,-28.3203125,-41.9921875,-31.25
-31.25,0.9765625,-39.0625,-38.0859375
-30.76171875,-26.3671875,-42.96875,-47.8515625
-47.8515625,-68.84765625,-49.8046875,-51.7578125
-62.5,-81.54296875,-48.828125,-51.7578125
-53.7109375,-34.66796875,-44.43359375,-43.9453125
-31.25,11.23046875,-39.55078125,-35.15625
-28.3203125,-14.6484375,-39.0625,-39.55078125
-44.921875,-75.1953125,-42.48046875,-49.31640625
-50.78125,-75.1953125,-47.8515625,-44.921875
-47.8515625,-32.71484375,-47.36328125,-41.015625
-31.73828125,0.48828125,-44.921875,-43.45703125
-19.04296875,-10.7421875,-44.921875,-41.50390625
-31.73828125,-67.3828125,-49.8046875,-49.31640625
-44.43359375,-73.2421875,-47.8515625,-49.31640625
-41.9921875,-38.0859375,-50.78125,-41.015625
-25.390625,-1.953125,-56.15234375,-43.9453125
-15.13671875,-2.9296875,-51.26953125,-45.41015625
-19.53125,-31.25,-43.45703125,-44.921875
-45.8984375,-85.9375,-54.6875,-57.12890625
-62.5,-73.2421875,-59.5703125,-59.08203125
-44.43359375,-9.765625,-49.8046875,-43.45703125
-37.109375,-8.30078125,-45.41015625,-36.62109375
-55.6640625,-59.5703125,-39.55078125,-49.8046875
-73.2421875,-86.9140625,-43.9453125,-58.10546875
-73.73046875,-62.01171875,-53.22265625,-46.875
-60.546875,-14.6484375,-58.10546875,-42.48046875
-41.9921875,-7.32421875,-57.12890625,-43.45703125
-37.59765625,-74.70703125,-54.19921875,-45.8984375
-47.8515625,-90.33203125,-54.19921875,-49.31640625
-54.6875,-49.8046875,-49.8046875,-47.36328125
-48.33984375,-28.3203125,-43.45703125,-43.45703125
-38.57421875,-24.90234375,-47.8515625,-50.78125
-44.43359375,-46.875,-47.8515625,-62.98828125
-64.94140625,-81.0546875,-47.8515625,-73.2421875
-74.70703125,-79.58984375,-55.17578125,-67.87109375
-60.546875,-24.90234375,-54.6875,-55.17578125
-41.015625,-0.9765625,-48.33984375,-57.6171875
-45.8984375,-47.36328125,-45.41015625,-65.4296875
-64.453125,-90.8203125,-50.78125,-68.84765625
-68.359375,-81.0546875,-52.24609375,-59.08203125
-52.24609375,-22.4609375,-43.45703125,-42.96875
-32.71484375,2.44140625,-41.50390625,-37.59765625
-32.71484375,-45.41015625,-39.0625,-39.0625
-42.48046875,-101.5625,-41.015625,-41.50390625
-49.8046875,-100.5859375,-43.9453125,-37.59765625
-45.41015625,-41.015625,-41.50390625,-31.73828125
-27.83203125,-5.859375,-41.9921875,-34.66796875
-23.4375,-27.34375,-41.50390625,-37.59765625
-30.2734375,-64.94140625,-41.9921875,-41.50390625
-41.9921875,-80.56640625,-45.41015625,-44.921875
-42.48046875,-38.57421875,-49.8046875,-39.0625
-27.83203125,-15.625,-53.7109375,-35.64453125
-24.90234375,-23.92578125,-59.08203125,-42.48046875
-38.0859375,-45.41015625,-58.59375,-50.78125
-55.17578125,-87.40234375,-55.6640625,-53.22265625
-58.59375,-58.10546875,-55.17578125,-48.828125
-47.8515625,-18.06640625,-57.12890625,-47.8515625
-47.36328125,-48.33984375,-63.96484375,-59.08203125
-57.12890625,-81.54296875,-59.08203125,-65.91796875
-63.96484375,-83.49609375,-52.24609375,-61.03515625
-64.94140625,-38.57421875,-50.78125,-51.26953125
-47.8515625,-7.32421875,-48.828125,-46.38671875
-30.76171875,-18.06640625,-49.8046875,-48.828125
-42.48046875,-59.08203125,-48.828125,-52.734375
-63.4765625,-73.2421875,-48.33984375,-55.17578125
-68.359375,-47.36328125,-53.22265625,-47.8515625
-51.26953125,-20.5078125,-51.7578125,-41.015625
-39.55078125,-28.3203125,-47.36328125,-40.52734375
-52.24609375,-61.5234375,-47.8515625,-48.33984375
-62.01171875,-78.61328125,-47.8515625,-55.6640625
-57.12890625,-57.12890625,-43.45703125,-42.96875
-44.921875,-11.23046875,-44.43359375,-37.59765625
-35.64453125,-26.3671875,-47.36328125,-39.55078125
-44.43359375,-57.12890625,-43.9453125,-39.55078125
-52.734375,-71.77734375,-43.9453125,-41.015625
-63.4765625,-78.61328125,-48.33984375,-41.50390625
-58.10546875,-24.90234375,-48.828125,-38.0859375
-34.1796875,7.8125,-36.62109375,-31.25
-34.1796875,-50.29296875,-35.64453125,-38.0859375
-51.26953125,-90.33203125,-52.24609375,-51.26953125
-68.359375,-95.703125,-59.08203125,-54.6875
-60.546875,-39.55078125,-46.875,-51.26953125
-34.66796875,-11.71875,-37.59765625,-45.8984375
-28.3203125,-38.57421875,-44.43359375,-49.31640625
-42.96875,-64.94140625,-45.8984375,-50.29296875
-58.10546875,-76.66015625,-48.33984375,-42.48046875
-53.22265625,-37.59765625,-50.78125,-41.50390625
-33.69140625,-16.6015625,-46.875,-41.015625
-28.3203125,-37.109375,-45.41015625,-43.45703125
-44.921875,-59.5703125,-53.22265625,-55.17578125
-60.546875,-75.1953125,-58.59375,-52.24609375
-53.22265625,-55.17578125,-54.6875,-40.52734375
-34.1796875,-8.7890625,-45.41015625,-37.109375
-34.1796875,-23.92578125,-44.43359375,-40.0390625
-46.38671875,-74.21875,-48.828125,-46.875
-59.08203125,-86.9140625,-49.31640625,-52.24609375
-56.640625,-50.78125,-44.921875,-47.36328125
-39.0625,-1.953125,-40.52734375,-44.43359375
-36.1328125,-22.94921875,-47.8515625,-51.7578125
-56.15234375,-86.42578125,-58.59375,-62.5
-68.359375,-84.47265625,-55.17578125,-55.17578125
-64.453125,-33.69140625,-47.8515625,-43.9453125
-51.7578125,-12.6953125,-50.29296875,-50.78125
-48.828125,-55.6640625,-53.7109375,-57.12890625
-56.15234375,-80.078125,-48.33984375,-55.6640625
-65.4296875,-81.0546875,-45.8984375,-49.31640625
-69.3359375,-66.89453125,-45.41015625,-41.015625
-52.24609375,-25.87890625,-46.875,-39.55078125
-32.71484375,-23.92578125,-50.29296875,-41.50390625
-37.59765625,-54.6875,-48.33984375,-48.33984375
-51.7578125,-70.3125,-49.8046875,-52.734375
-55.17578125,-64.94140625,-48.828125,-45.8984375
-44.921875,-22.94921875,-49.8046875,-42.96875
-26.85546875,4.8828125,-52.734375,-41.9921875
-31.73828125,-60.05859375,-50.29296875,-46.875
-54.19921875,-99.12109375,-46.38671875,-61.03515625
-64.94140625,-77.1484375,-44.921875,-54.6875
-62.98828125,-47.36328125,-44.43359375,-52.24609375
-57.6171875,-31.73828125,-52.24609375,-66.40625
-52.734375,-62.5,-63.4765625,-69.82421875
-58.59375,-77.1484375,-63.4765625,-65.4296875
-66.40625,-74.21875,-55.6640625,-56.15234375
-52.734375,-29.296875,-46.875,-45.41015625
-29.78515625,-11.23046875,-53.22265625,-39.55078125
-31.73828125,-39.0625,-58.10546875,-43.45703125
-51.26953125,-64.453125,-46.875,-45.8984375
-59.5703125,-84.47265625,-39.0625,-40.0390625
-54.6875,-44.921875,-38.57421875,-37.59765625
-37.109375,-19.04296875,-37.109375,-35.64453125
-28.80859375,-47.8515625,-37.59765625,-35.15625
-39.55078125,-73.73046875,-38.57421875,-37.59765625
-51.26953125,-75.68359375,-40.0390625,-34.66796875
-53.7109375,-48.33984375,-41.50390625,-32.71484375
-34.1796875,2.44140625,-41.9921875,-30.76171875
-24.4140625,-16.6015625,-49.8046875,-33.69140625
-41.50390625,-66.40625,-55.17578125,-45.8984375
-56.640625,-55.6640625,-55.6640625,-46.875
-56.640625,-19.04296875,-55.17578125,-44.43359375
-42.96875,-18.5546875,-51.26953125,-51.26953125
-33.203125,-31.73828125,-47.8515625,-54.6875
-41.015625,-62.01171875,-43.45703125,-58.59375
-56.15234375,-83.0078125,-41.015625,-59.08203125
-60.546875,-58.10546875,-38.57421875,-51.7578125
-46.875,-5.37109375,-37.59765625,-46.875
-33.69140625,-9.27734375,-36.62109375,-49.31640625
-44.43359375,-57.6171875,-45.41015625,-60.546875
-65.4296875,-76.66015625,-55.17578125,-67.87109375
-73.73046875,-70.80078125,-52.734375,-64.453125
-58.59375,-15.625,-50.78125,-56.640625
-43.9453125,0.0,-47.8515625,-49.31640625
-50.78125,-66.40625,-48.828125,-54.19921875
-60.546875,-101.5625,-48.33984375,-55.6640625
-65.91796875,-72.265625,-42.48046875,-46.875
-49.31640625,-23.4375,-35.64453125,-40.52734375
-30.2734375,-13.671875,-36.62109375,-41.015625
-38.57421875,-50.78125,-43.45703125,-52.24609375
-57.12890625,-81.0546875,-48.828125,-56.640625
-65.4296875,-77.63671875,-52.734375,-50.29296875
-57.6171875,-19.53125,-51.26953125,-52.734375
-43.9453125,-9.765625,-45.8984375,-55.17578125
-49.8046875,-51.7578125,-46.38671875,-60.546875
-66.89453125,-70.80078125,-51.7578125,-65.4296875
-66.89453125,-71.77734375,-50.29296875,-52.24609375
-55.6640625,-47.8515625,-52.734375,-43.45703125
-40.52734375,-34.66796875,-55.17578125,-47.8515625
-42.48046875,-45.8984375,-55.6640625,-57.6171875
-61.5234375,-76.66015625,-59.08203125,-65.4296875
-69.82421875,-78.125,-54.6875,-55.17578125
-64.453125,-24.4140625,-48.33984375,-44.921875
-49.8046875,-5.859375,-44.921875,-43.9453125
-40.0390625,-34.1796875,-45.8984375,-42.48046875
-41.9921875,-75.1953125,-41.015625,-39.0625
-50.78125,-73.2421875,-40.0390625,-36.62109375
-47.8515625,-15.13671875,-47.36328125,-33.69140625
-28.3203125,-11.71875,-49.8046875,-30.2734375
-19.04296875,-25.390625,-50.78125,-30.76171875
-29.78515625,-62.5,-52.734375,-35.15625
-47.36328125,-92.7734375,-51.26953125,-42.96875
-50.29296875,-46.38671875,-45.41015625,-38.0859375
-34.1796875,-10.7421875,-42.48046875,-35.15625
-34.1796875,-27.83203125,-44.921875,-46.875
-47.8515625,-68.359375,-49.31640625,-57.6171875
-62.98828125,-83.984375,-43.9453125,-55.17578125
-67.87109375,-50.29296875,-43.45703125,-47.8515625
-53.7109375,-6.34765625,-50.29296875,-46.38671875
-43.45703125,-10.7421875,-49.8046875,-56.640625
-47.36328125,-71.77734375,-50.29296875,-60.05859375
-63.4765625,-99.12109375,-56.15234375,-60.546875
-70.3125,-60.546875,-54.6875,-64.94140625
-50.78125,-19.04296875,-48.828125,-55.17578125
-36.62109375,-15.625,-43.45703125,-48.828125
-41.9921875,-50.78125,-42.96875,-51.26953125
-52.734375,-88.8671875,-52.734375,-56.640625
-52.734375,-64.94140625,-52.24609375,-51.26953125
-32.2265625,-8.30078125,-48.33984375,-42.96875
-16.6015625,0.48828125,-49.8046875,-44.43359375
-28.80859375,-49.31640625,-49.8046875,-52.734375
-47.8515625,-60.546875,-53.22265625,-54.19921875
-61.5234375,-63.96484375,-60.05859375,-54.6875
-65.4296875,-53.22265625,-65.91796875,-60.05859375
-49.8046875,-27.34375,-58.59375,-54.19921875
-44.921875,-50.29296875,-46.875,-55.6640625
-62.98828125,-85.9375,-52.734375,-62.01171875
-73.2421875,-79.1015625,-57.12890625,-56.15234375
-59.08203125,-28.80859375,-57.12890625,-47.36328125
-34.66796875,6.8359375,-48.33984375,-40.0390625
-28.80859375,-20.99609375,-41.9921875,-43.45703125
-47.36328125,-80.078125,-43.45703125,-54.6875
-59.5703125,-65.91796875,-39.55078125,-51.26953125
-52.24609375,-2.9296875,-36.1328125,-47.8515625
-35.64453125,-15.13671875,-43.45703125,-46.875
-32.2265625,-42.48046875,-49.31640625,-50.29296875
-43.45703125,-62.98828125,-47.36328125,-52.734375
-53.7109375,-69.82421875,-45.8984375,-42.48046875
-41.50390625,-15.625,-44.43359375,-28.80859375
-21.97265625,6.8359375,-45.8984375,-28.3203125
-19.04296875,-20.5078125,-46.38671875,-34.66796875
-32.71484375,-60.05859375,-44.43359375,-36.62109375
-47.8515625,-67.87109375,-40.52734375,-34.66796875
-50.29296875,-36.1328125,-42.48046875,-26.85546875
-40.0390625,-21.97265625,-48.33984375,-31.73828125
-39.0625,-18.06640625,-47.8515625,-46.875
-57.12890625,-66.89453125,-52.24609375,-56.15234375
-75.1953125,-111.328125,-51.26953125,-62.01171875
-72.75390625,-78.125,-46.38671875,-62.5
-55.17578125,-29.78515625,-44.921875,-60.546875
-47.36328125,-26.85546875,-45.41015625,-66.40625
-54.6875,-68.359375,-45.41015625,-70.80078125
-67.3828125,-83.984375,-40.0390625,-65.4296875
-65.91796875,-65.4296875,-41.50390625,-59.08203125
-52.24609375,-19.53125,-39.0625,-56.640625
-44.921875,-15.625,-37.109375,-55.17578125
-53.22265625,-60.546875,-41.50390625,-60.05859375
-72.265625,-72.265625,-46.38671875,-62.5
-73.73046875,-75.68359375,-48.828125,-53.7109375
-49.8046875,-29.78515625,-45.8984375,-35.64453125
-33.203125,-2.9296875,-46.38671875,-33.203125
-36.62109375,-60.546875,-43.45703125,-43.45703125
-47.36328125,-82.51953125,-33.69140625,-42.48046875
-53.7109375,-51.7578125,-32.2265625,-35.64453125
-42.96875,-16.6015625,-39.55078125,-29.78515625
-35.15625,-20.01953125,-50.78125,-33.203125
-44.921875,-59.08203125,-50.78125,-43.9453125
-58.59375,-81.0546875,-44.43359375,-49.8046875
-62.5,-65.91796875,-47.36328125,-48.33984375
-54.19921875,-6.8359375,-54.19921875,-47.8515625
-40.52734375,5.859375,-57.6171875,-49.8046875
-32.71484375,-50.29296875,-49.8046875,-49.8046875
-46.38671875,-80.078125,-35.64453125,-51.26953125
-62.98828125,-77.63671875,-37.109375,-47.8515625
-50.78125,-25.87890625,-41.50390625,-37.59765625
-30.76171875,6.8359375,-40.0390625,-37.59765625
-26.3671875,-40.0390625,-39.55078125,-47.36328125
-38.57421875,-77.63671875,-48.828125,-52.24609375
-52.24609375,-68.359375,-53.22265625,-44.921875
-49.8046875,-35.64453125,-56.15234375,-39.55078125
-35.64453125,-11.23046875,-57.12890625,-48.828125
-32.2265625,-21.484375,-47.36328125,-56.15234375
-43.45703125,-79.58984375,-43.45703125,-57.6171875
-56.15234375,-86.9140625,-41.9921875,-53.22265625
-65.4296875,-45.8984375,-47.8515625,-53.7109375
-60.546875,-35.64453125,-53.7109375,-56.15234375
-48.828125,-39.0625,-43.45703125,-45.8984375
-59.5703125,-59.08203125,-43.9453125,-54.19921875
-76.66015625,-84.9609375,-46.875,-56.640625
-70.80078125,-67.3828125,-42.96875,-41.9921875
-56.15234375,-10.25390625,-43.9453125,-49.31640625
-61.5234375,-28.80859375,-48.33984375,-67.87109375
-76.171875,-68.359375,-54.6875,-73.73046875
-86.9140625,-60.546875,-53.7109375,-71.77734375
-87.40234375,-72.265625,-45.8984375,-67.3828125
-74.70703125,-36.1328125,-42.48046875,-65.4296875
-71.2890625,-25.87890625,-41.50390625,-76.171875
-70.80078125,-64.453125,-43.9453125,-80.078125
-72.265625,-75.68359375,-44.921875,-76.66015625
-70.3125,-61.5234375,-46.875,-65.4296875
-50.78125,-14.16015625,-47.36328125,-53.22265625
-32.2265625,-11.23046875,-49.31640625,-46.875
-34.1796875,-64.453125,-50.78125,-42.96875
-45.8984375,-88.37890625,-47.8515625,-45.8984375
-49.8046875,-60.546875,-48.33984375,-37.109375
-38.57421875,-0.9765625,-43.45703125,-26.3671875
-26.85546875,-19.53125,-42.96875,-32.2265625
-33.69140625,-79.58984375,-45.8984375,-40.52734375
-49.31640625,-84.47265625,-48.828125,-43.9453125
-60.05859375,-71.2890625,-53.7109375,-43.45703125
-50.78125,-27.83203125,-54.19921875,-44.921875
-36.1328125,-18.06640625,-62.01171875,-50.78125
-42.48046875,-53.22265625,-63.4765625,-61.03515625
-44.921875,-74.21875,-49.31640625,-57.6171875
-52.734375,-73.73046875,-46.38671875,-51.26953125
-58.59375,-27.83203125,-55.17578125,-55.6640625
-48.33984375,-8.30078125,-52.24609375,-55.17578125
-46.38671875,-28.3203125,-49.8046875,-52.734375
-56.640625,-82.03125,-49.31640625,-57.6171875
-66.89453125,-99.12109375,-47.8515625,-56.15234375
-58.59375,-20.5078125,-41.9921875,-41.015625
-41.50390625,-14.16015625,-39.55078125,-41.9921875
-35.64453125,-47.8515625,-48.828125,-52.734375
-45.41015625,-77.63671875,-53.7109375,-55.17578125
-57.6171875,-83.984375,-49.31640625,-45.8984375
-48.828125,-36.62109375,-47.36328125,-36.62109375
-38.57421875,-28.3203125,-55.6640625,-44.43359375
-39.55078125,-43.45703125,-60.546875,-56.640625
-43.9453125,-62.01171875,-53.22265625,-56.15234375
-60.05859375,-65.91796875,-55.17578125,-53.7109375
-64.94140625,-61.5234375,-59.08203125,-55.6640625
-52.24609375,-51.26953125,-56.15234375,-55.6640625
-42.48046875,-25.87890625,-46.38671875,-49.8046875
-47.36328125,-62.01171875,-48.33984375,-59.08203125
-62.01171875,-76.171875,-54.19921875,-65.91796875
-62.01171875,-33.69140625,-51.7578125,-53.22265625
-43.45703125,-18.06640625,-49.31640625,-46.875
-38.57421875,-28.3203125,-41.015625,-52.24609375
-49.8046875,-62.5,-35.15625,-59.08203125
-59.08203125,-67.3828125,-38.0859375,-53.7109375
-62.5,-42.96875,-41.50390625,-47.36328125
-49.31640625,10.7421875,-41.50390625,-43.9453125
-35.15625,9.27734375,-40.52734375,-44.43359375
-42.48046875,-61.03515625,-45.41015625,-52.734375
-57.6171875,-80.078125,-46.875,-55.6640625
-58.59375,-58.10546875,-48.828125,-49.31640625
-38.0859375,-18.5546875,-47.8515625,-35.64453125
-15.625,1.46484375,-37.59765625,-26.85546875
-14.6484375,-44.921875,-37.59765625,-28.3203125
-29.296875,-64.94140625,-44.43359375,-30.76171875
-34.66796875,-45.8984375,-48.33984375,-26.3671875
-23.92578125,-20.5078125,-49.8046875,-28.80859375
-19.53125,0.9765625,-50.29296875,-35.15625
-30.76171875,-22.4609375,-53.7109375,-42.48046875
-46.875,-84.47265625,-51.26953125,-49.8046875
-61.03515625,-86.9140625,-47.36328125,-49.8046875
-53.7109375,-27.34375,-42.96875,-43.45703125
-37.109375,-6.34765625,-42.96875,-45.41015625
-43.9453125,-36.1328125,-44.43359375,-50.29296875
-57.6171875,-76.171875,-44.43359375,-53.22265625
-62.01171875,-74.70703125,-46.875,-50.29296875
-49.8046875,-26.3671875,-45.41015625,-40.0390625
-33.69140625,-3.90625,-41.50390625,-38.57421875
-35.15625,-39.0625,-44.921875,-51.7578125
-53.7109375,-74.70703125,-46.38671875,-59.5703125
-63.4765625,-61.03515625,-47.8515625,-49.31640625
-60.546875,-44.921875,-52.24609375,-46.875
-44.921875,-45.8984375,-46.38671875,-47.36328125
-38.0859375,-48.33984375,-41.9921875,-46.875
-58.10546875,-87.40234375,-53.22265625,-60.05859375
-62.01171875,-94.23828125,-57.6171875,-56.640625
-47.36328125,-39.55078125,-52.734375,-41.015625
-30.2734375,-11.71875,-46.875,-35.64453125
-18.06640625,-35.15625,-47.8515625,-34.66796875
-27.83203125,-78.61328125,-52.734375,-37.59765625
-48.828125,-89.35546875,-55.6640625,-38.0859375
-56.15234375,-47.36328125,-50.29296875,-29.296875
-39.55078125,9.765625,-44.43359375,-22.4609375
-31.73828125,-27.34375,-47.8515625,-32.2265625
-48.33984375,-68.359375,-52.24609375,-47.8515625
-61.5234375,-63.96484375,-55.6640625,-50.29296875
-62.01171875,-59.5703125,-57.12890625,-46.875
-48.828125,-24.90234375,-55.6640625,-43.45703125
-39.55078125,-28.80859375,-48.33984375,-44.43359375
-41.015625,-59.5703125,-41.015625,-50.29296875
-59.5703125,-80.078125,-50.78125,-56.15234375
-72.75390625,-74.70703125,-55.6640625,-58.10546875
-56.640625,-24.90234375,-52.734375,-53.22265625
-34.66796875,2.44140625,-49.31640625,-44.921875
-39.0625,-34.1796875,-45.41015625,-49.8046875
-55.6640625,-91.796875,-45.8984375,-62.5
-65.91796875,-87.40234375,-44.921875,-61.03515625
-58.10546875,-32.71484375,-52.24609375,-56.15234375
-48.33984375,-20.99609375,-55.6640625,-58.59375
-58.10546875,-47.8515625,-50.78125,-65.91796875
-68.359375,-67.87109375,-45.8984375,-62.98828125
-75.1953125,-79.58984375,-45.8984375,-55.17578125
-60.546875,-38.0859375,-53.22265625,-45.8984375
-35.64453125,-8.7890625,-52.734375,-39.55078125
-33.203125,-37.59765625,-49.8046875,-44.43359375
-43.9453125,-74.70703125,-50.29296875,-51.26953125
-53.7109375,-55.17578125,-44.43359375,-48.33984375
-51.26953125,-20.01953125,-36.62109375,-36.62109375
-38.57421875,-21.97265625,-35.15625,-38.57421875
-37.109375,-42.48046875,-33.203125,-45.41015625
-52.24609375,-79.58984375,-34.1796875,-47.36328125
-62.5,-79.58984375,-36.1328125,-46.38671875
-57.6171875,-39.55078125,-41.50390625,-40.52734375
-38.57421875,-20.5078125,-43.9453125,-43.45703125
-24.4140625,-20.01953125,-39.55078125,-43.9453125
-35.15625,-61.03515625,-45.8984375,-46.38671875
-62.5,-111.81640625,-65.91796875,-56.640625
-62.01171875,-54.19921875,-72.75390625,-50.78125
-28.80859375,16.11328125,-58.59375,-42.96875
-14.16015625,-17.578125,-52.734375,-50.29296875
-29.78515625,-73.73046875,-49.31640625,-57.6171875
-46.38671875,-72.75390625,-49.31640625,-53.22265625
-46.875,-38.57421875,-55.17578125,-44.921875
-33.69140625,2.9296875,-54.19921875,-41.015625
-28.80859375,-1.46484375,-50.78125,-41.015625
-36.62109375,-47.36328125,-51.7578125,-46.875
-50.29296875,-60.546875,-52.734375,-51.26953125
-61.5234375,-48.33984375,-48.33984375,-43.9453125
-45.8984375,-18.06640625,-48.33984375,-35.64453125
-32.2265625,-1.46484375,-50.78125,-36.62109375
-40.52734375,-31.73828125,-43.45703125,-41.9921875
-56.15234375,-76.66015625,-36.1328125,-41.9921875
-68.84765625,-88.37890625,-38.0859375,-40.52734375
-59.5703125,-22.94921875,-42.48046875,-44.921875
-44.43359375,-18.5546875,-44.921875,-48.828125
-48.828125,-64.94140625,-47.8515625,-55.6640625
-63.4765625,-83.984375,-48.33984375,-62.98828125
-62.98828125,-74.70703125,-46.875,-57.6171875
-51.7578125,-21.97265625,-50.78125,-52.24609375
-47.36328125,-11.23046875,-63.4765625,-57.12890625
-48.33984375,-58.59375,-67.3828125,-59.08203125
-51.7578125,-67.3828125,-54.19921875,-51.26953125
-54.19921875,-36.62109375,-50.78125,-44.43359375
-39.0625,-21.97265625,-52.24609375,-40.52734375
-24.90234375,-12.6953125,-43.9453125,-42.48046875
-32.2265625,-25.87890625,-43.45703125,-43.45703125
-50.29296875,-79.1015625,-49.8046875,-45.41015625
-59.5703125,-83.984375,-51.7578125,-41.015625
-49.8046875,-29.78515625,-49.8046875,-34.1796875
-34.1796875,-15.625,-50.78125,-37.109375
-32.2265625,-39.55078125,-49.8046875,-41.9921875
-45.8984375,-69.3359375,-49.31640625,-46.875
-59.5703125,-80.078125,-52.734375,-46.875
-58.10546875,-31.25,-49.8046875,-46.875
-42.48046875,-8.30078125,-45.8984375,-45.8984375
-44.921875,-55.17578125,-55.17578125,-59.08203125
-51.7578125,-89.35546875,-54.6875,-71.77734375
-60.546875,-72.75390625,-49.8046875,-63.96484375
-67.87109375,-44.921875,-52.734375,-60.546875
-50.29296875,-17.08984375,-51.7578125,-62.01171875
-34.1796875,-10.25390625,-45.8984375,-62.98828125
-40.0390625,-67.3828125,-42.48046875,-60.05859375
-56.640625,-83.0078125,-48.828125,-52.24609375
-57.6171875,-35.15625,-44.43359375,-41.9921875
-43.45703125,-6.34765625,-41.015625,-42.48046875
-41.9921875,-6.34765625,-44.43359375,-47.8515625
-49.8046875,-30.76171875,-47.36328125,-55.17578125
-63.96484375,-85.44921875,-54.19921875,-65.4296875
-71.77734375,-73.73046875,-55.6640625,-59.08203125
-57.12890625,-18.5546875,-48.828125,-51.7578125
-41.50390625,-17.578125,-48.33984375,-53.22265625
-42.96875,-52.734375,-47.8515625,-56.15234375
-52.734375,-65.91796875,-41.50390625,-52.734375
-65.4296875,-60.05859375,-52.24609375,-50.78125
-52.734375,-20.5078125,-54.19921875,-47.36328125
-32.71484375,-4.8828125,-41.015625,-40.52734375
-40.52734375,-57.12890625,-42.96875,-46.875
-59.5703125,-74.70703125,-47.8515625,-52.24609375
-64.453125,-57.12890625,-46.38671875,-47.8515625
-47.36328125,-35.64453125,-41.50390625,-41.9921875
-35.15625,-39.55078125,-43.9453125,-46.875
-38.57421875,-55.17578125,-50.29296875,-56.640625
-46.38671875,-68.84765625,-49.31640625,-58.10546875
-54.19921875,-59.5703125,-50.29296875,-53.7109375
-46.875,-21.484375,-56.15234375,-52.24609375
-36.62109375,-4.8828125,-54.19921875,-53.22265625
-38.0859375,-39.0625,-45.8984375,-52.24609375
-57.12890625,-81.54296875,-48.828125,-55.6640625
-71.2890625,-77.1484375,-51.26953125,-51.26953125
-58.59375,-29.296875,-48.828125,-41.50390625
-40.52734375,-3.90625,-46.38671875,-37.59765625
-37.109375,-38.57421875,-46.875,-38.57421875
-50.78125,-97.65625,-47.36328125,-46.38671875
-63.96484375,-91.30859375,-50.29296875,-48.828125
-58.10546875,-39.0625,-54.6875,-44.921875
-38.57421875,-8.7890625,-47.36328125,-45.8984375
-40.52734375,-26.3671875,-41.9921875,-56.15234375
-68.359375,-88.8671875,-55.17578125,-67.3828125
-73.2421875,-91.30859375,-56.640625,-63.96484375
-54.19921875,-34.66796875,-46.38671875,-49.8046875
-34.66796875,-4.39453125,-44.43359375,-42.48046875
-33.203125,-15.625,-39.55078125,-47.36328125
-45.41015625,-39.55078125,-42.48046875,-51.26953125
-62.98828125,-79.58984375,-52.24609375,-58.10546875
-62.98828125,-57.12890625,-50.78125,-51.26953125
-38.57421875,4.39453125,-43.9453125,-39.0625
-36.1328125,-27.83203125,-40.0390625,-42.48046875
-44.43359375,-73.2421875,-34.1796875,-40.0390625
-54.6875,-73.2421875,-34.1796875,-41.015625
-58.10546875,-42.48046875,-37.109375,-38.57421875
-42.48046875,-18.5546875,-35.64453125,-33.203125
-38.0859375,-30.2734375,-41.9921875,-41.50390625
-47.8515625,-70.3125,-47.8515625,-52.24609375
-62.01171875,-67.87109375,-52.734375,-60.05859375
-59.08203125,-31.25,-53.7109375,-54.19921875
-49.31640625,-31.25,-54.19921875,-58.10546875
-49.31640625,-51.26953125,-59.08203125,-69.3359375
-51.26953125,-66.89453125,-56.15234375,-64.453125
-53.22265625,-72.265625,-46.875,-55.6640625
-57.6171875,-56.15234375,-45.8984375,-47.8515625
-43.9453125,-4.8828125,-44.43359375,-36.1328125
-30.2734375,-12.20703125,-35.15625,-38.0859375
-37.59765625,-54.19921875,-38.57421875,-43.45703125
-53.22265625,-65.4296875,-48.33984375,-40.0390625
-62.5,-58.59375,-46.38671875,-40.52734375
-46.38671875,-8.7890625,-38.57421875,-36.1328125
-32.71484375,18.5546875,-38.0859375,-33.69140625
-42.96875,-48.33984375,-43.9453125,-42.48046875
-55.6640625,-91.30859375,-46.38671875,-46.875
-59.5703125,-63.4765625,-45.41015625,-41.9921875
-55.17578125,-18.5546875,-47.8515625,-36.1328125
-43.9453125,-21.97265625,-52.734375,-44.921875
-45.8984375,-48.33984375,-52.734375,-60.05859375
-57.12890625,-70.3125,-48.33984375,-63.4765625
-60.546875,-64.94140625,-45.41015625,-57.6171875
-57.12890625,-25.390625,-42.96875,-50.29296875
-42.96875,-30.2734375,-42.96875,-46.875
-38.57421875,-33.203125,-43.9453125,-48.828125
-49.8046875,-50.78125,-44.43359375,-53.22265625
-60.546875,-89.84375,-51.26953125,-54.19921875
-59.5703125,-55.6640625,-51.26953125,-47.8515625
-38.57421875,-10.7421875,-37.59765625,-37.59765625
-28.80859375,-31.25,-35.64453125,-40.0390625
-42.48046875,-69.3359375,-45.41015625,-45.41015625
-53.7109375,-77.1484375,-50.29296875,-41.9921875
-52.734375,-47.36328125,-46.875,-40.52734375
-33.203125,-14.6484375,-41.9921875,-42.48046875
-25.87890625,-27.83203125,-41.015625,-45.8984375
-39.0625,-73.2421875,-47.36328125,-52.734375
-52.734375,-75.68359375,-51.7578125,-54.6875
-54.6875,-24.90234375,-52.24609375,-47.8515625
-37.59765625,0.48828125,-54.19921875,-42.96875
-36.62109375,-35.15625,-51.26953125,-47.36328125
-50.29296875,-76.66015625,-50.78125,-55.6640625
-65.4296875,-98.14453125,-57.12890625,-62.5
-69.3359375,-74.70703125,-54.6875,-60.546875
-49.8046875,-22.94921875,-47.8515625,-54.6875
-38.0859375,-23.4375,-44.921875,-59.08203125
-54.6875,-73.73046875,-53.22265625,-72.265625
-70.3125,-89.35546875,-60.546875,-72.75390625
-63.4765625,-65.91796875,-51.26953125,-55.6640625
-48.33984375,-15.13671875,-42.48046875,-50.29296875
-35.64453125,9.27734375,-42.96875,-44.921875
-38.0859375,-67.87109375,-44.43359375,-41.50390625
-52.24609375,-105.46875,-46.875,-46.875
-55.17578125,-64.94140625,-49.31640625,-41.015625
-43.9453125,-34.66796875,-46.875,-37.109375
-37.59765625,-21.97265625,-43.45703125,-41.015625
-41.50390625,-54.19921875,-42.96875,-45.41015625
-45.8984375,-91.30859375,-48.33984375,-48.33984375
-51.26953125,-65.4296875,-46.38671875,-41.015625
-49.8046875,-20.01953125,-45.8984375,-36.1328125
-35.64453125,-19.04296875,-45.8984375,-41.015625
-37.109375,-41.015625,-41.50390625,-46.38671875
-53.22265625,-58.10546875,-45.8984375,-53.22265625
-63.96484375,-81.0546875,-55.17578125,-58.59375
-59.5703125,-53.22265625,-53.7109375,-58.59375
-44.43359375,-24.4140625,-50.78125,-55.17578125
-42.48046875,-51.26953125,-51.7578125,-59.5703125
-54.19921875,-78.125,-52.734375,-62.01171875
-58.10546875,-67.87109375,-55.6640625,-53.22265625
-57.12890625,-41.9921875,-55.17578125,-48.33984375
-48.828125,-38.57421875,-49.8046875,-50.78125
-35.64453125,-40.0390625,-43.45703125,-52.734375
-46.875,-64.453125,-44.921875,-53.22265625
-58.59375,-77.1484375,-49.31640625,-50.78125
-50.78125,-25.390625,-49.8046875,-43.9453125
-34.66796875,-13.671875,-48.33984375,-36.62109375
-33.69140625,-39.55078125,-47.8515625,-41.015625
-45.41015625,-72.265625,-41.50390625,-52.734375
-60.05859375,-95.21484375,-40.52734375,-50.78125
-60.05859375,-54.6875,-43.45703125,-34.66796875
-44.921875,-10.7421875,-46.38671875,-33.69140625
-40.0390625,-18.5546875,-48.33984375,-46.38671875
-49.31640625,-60.05859375,-51.7578125,-53.7109375
-63.4765625,-71.2890625,-55.6640625,-57.6171875
-63.4765625,-62.5,-59.08203125,-54.19921875
-48.828125,-15.625,-55.6640625,-45.41015625
-36.1328125,17.08984375,-44.921875,-38.57421875
-38.57421875,-53.22265625,-49.31640625,-44.43359375
-60.05859375,-104.4921875,-55.6640625,-57.6171875
-65.91796875,-76.171875,-57.12890625,-54.19921875
-41.50390625,-25.390625,-55.17578125,-43.45703125
-21.97265625,-13.671875,-47.8515625,-36.62109375
-36.1328125,-47.8515625,-48.828125,-46.38671875
-66.40625,-76.171875,-57.12890625,-71.2890625
-70.3125,-60.05859375,-57.6171875,-69.3359375
-63.4765625,-17.08984375,-54.19921875,-62.01171875
-58.10546875,-17.08984375,-50.78125,-65.4296875
-58.10546875,-46.38671875,-45.41015625,-68.359375
-66.89453125,-55.6640625,-41.50390625,-68.84765625
-73.2421875,-63.4765625,-43.45703125,-58.10546875
-65.91796875,-49.31640625,-45.41015625,-47.8515625
-42.96875,-22.94921875,-40.0390625,-40.0390625
-41.015625,-43.9453125,-44.921875,-47.36328125
-57.12890625,-81.0546875,-49.31640625,-51.26953125
-61.5234375,-60.05859375,-44.921875,-39.0625
-52.734375,-9.765625,-47.36328125,-38.57421875
-42.96875,-20.99609375,-49.31640625,-42.48046875
-55.17578125,-43.45703125,-55.6640625,-57.6171875
-64.94140625,-71.2890625,-58.59375,-66.89453125
-68.84765625,-62.5,-49.8046875,-55.17578125
-65.4296875,-2.9296875,-46.875,-49.31640625
-47.36328125,-20.01953125,-51.7578125,-49.31640625
-43.9453125,-42.96875,-53.7109375,-54.6875
-50.78125,-67.3828125,-53.7109375,-58.10546875
-59.5703125,-93.75,-51.7578125,-59.5703125
-56.15234375,-38.57421875,-44.43359375,-55.17578125
-41.50390625,-6.8359375,-46.38671875,-50.29296875
-40.0390625,-20.99609375,-46.875,-49.8046875
-54.19921875,-65.4296875,-51.26953125,-57.6171875
-62.98828125,-80.078125,-61.03515625,-58.59375
-61.5234375,-36.1328125,-58.10546875,-45.41015625
-49.8046875,1.953125,-53.7109375,-42.96875
-41.015625,-12.20703125,-51.26953125,-50.29296875
-48.33984375,-76.171875,-46.875,-49.31640625
-60.05859375,-87.890625,-47.8515625,-46.38671875
-59.5703125,-52.734375,-44.921875,-38.0859375
-43.45703125,-31.73828125,-45.8984375,-32.71484375
-34.66796875,-16.6015625,-43.9453125,-35.15625
-44.43359375,-50.78125,-36.1328125,-43.45703125
-64.94140625,-96.19140625,-44.43359375,-48.828125
-70.80078125,-74.70703125,-51.7578125,-41.9921875
-53.22265625,-18.5546875,-46.38671875,-40.0390625
-42.96875,-13.671875,-46.875,-48.33984375
-46.875,-49.8046875,-45.41015625,-53.7109375
-59.08203125,-71.2890625,-49.31640625,-58.59375
-74.21875,-87.890625,-61.5234375,-62.98828125
-49.8046875,-32.71484375,-56.15234375,-53.7109375
-24.90234375,-7.8125,-49.8046875,-52.24609375
-34.1796875,-53.22265625,-55.17578125,-61.03515625
-50.29296875,-62.5,-58.59375,-61.03515625
-62.01171875,-66.40625,-61.5234375,-57.12890625
-56.15234375,-29.78515625,-61.03515625,-54.6875
-41.015625,-1.953125,-47.36328125,-54.6875
-42.96875,-38.57421875,-40.0390625,-57.6171875
-59.08203125,-86.42578125,-45.41015625,-58.59375
-71.2890625,-81.0546875,-45.41015625,-57.6171875
-58.59375,-10.7421875,-41.9921875,-51.7578125
-37.59765625,-9.27734375,-43.45703125,-47.36328125
-37.109375,-64.94140625,-43.45703125,-48.828125
-46.38671875,-78.61328125,-50.78125,-51.26953125
-53.7109375,-69.82421875,-52.734375,-45.41015625
-51.7578125,-38.57421875,-45.8984375,-41.9921875
-35.15625,-19.53125,-46.38671875,-40.0390625
-27.83203125,-36.1328125,-41.50390625,-42.96875
-40.52734375,-77.1484375,-35.15625,-46.875
-54.6875,-85.44921875,-35.64453125,-39.55078125
-50.78125,-32.71484375,-38.0859375,-31.73828125
-38.57421875,-5.37109375,-43.45703125,-31.73828125
-29.78515625,-17.08984375,-45.41015625,-36.62109375
-39.55078125,-56.640625,-42.48046875,-48.33984375
-60.546875,-87.890625,-46.875,-48.33984375
-59.08203125,-59.5703125,-50.29296875,-39.0625
-38.0859375,-8.7890625,-46.875,-38.57421875
-28.80859375,-19.04296875,-43.45703125,-48.33984375
-41.015625,-70.3125,-39.0625,-56.15234375
-56.640625,-79.1015625,-41.015625,-54.19921875
-61.03515625,-52.24609375,-45.8984375,-48.33984375
-44.43359375,-19.53125,-44.921875,-40.52734375
-31.25,-20.99609375,-50.78125,-40.0390625
-48.828125,-62.5,-61.03515625,-51.26953125
-66.89453125,-72.265625,-58.10546875,-55.17578125
-57.12890625,-62.5,-50.78125,-46.38671875
-41.015625,-21.97265625,-44.43359375,-40.52734375
-39.55078125,-8.30078125,-56.640625,-53.7109375
-44.43359375,-75.1953125,-67.87109375,-64.453125
-47.8515625,-78.125,-52.24609375,-52.24609375
-54.19921875,-50.29296875,-44.921875,-49.31640625
-47.36328125,-22.4609375,-47.8515625,-46.875
-25.87890625,-7.32421875,-49.31640625,-38.57421875
-25.87890625,-42.96875,-43.9453125,-43.9453125
-46.875,-70.3125,-38.0859375,-48.33984375
-57.12890625,-64.453125,-41.015625,-39.0625
-48.33984375,-13.671875,-40.52734375,-27.83203125
-40.0390625,-12.6953125,-42.48046875,-26.3671875
-43.9453125,-58.10546875,-46.875,-36.62109375
-51.26953125,-81.54296875,-46.875,-42.96875
-62.5,-80.078125,-45.41015625,-43.9453125
-53.22265625,-22.94921875,-38.0859375,-35.64453125
-44.43359375,-10.25390625,-49.31640625,-46.875
-49.8046875,-64.453125,-58.59375,-62.01171875
-54.6875,-84.47265625,-45.8984375,-53.22265625
-64.453125,-87.890625,-42.96875,-49.31640625
-58.10546875,-43.9453125,-47.8515625,-47.8515625
-39.0625,-1.953125,-46.875,-43.45703125
-40.52734375,-7.8125,-49.31640625,-47.36328125
-53.22265625,-65.4296875,-55.6640625,-58.59375
-60.546875,-85.44921875,-60.05859375,-53.22265625
-56.640625,-42.96875,-54.6875,-47.8515625
-34.66796875,-10.7421875,-43.45703125,-45.8984375
-31.73828125,-23.92578125,-41.015625,-43.45703125
-45.8984375,-68.359375,-45.41015625,-51.7578125
-55.6640625,-85.44921875,-46.875,-50.78125
-60.05859375,-41.50390625,-50.78125,-43.9453125
-39.55078125,1.953125,-47.8515625,-36.1328125
-32.71484375,-28.3203125,-43.45703125,-40.52734375
-50.29296875,-62.01171875,-46.38671875,-55.6640625
-65.91796875,-58.59375,-48.828125,-55.6640625
-69.3359375,-61.03515625,-46.875,-50.29296875
-57.6171875,-36.1328125,-45.41015625,-49.31640625
-34.66796875,-17.578125,-41.9921875,-43.9453125
-35.64453125,-61.5234375,-38.57421875,-47.36328125
-55.6640625,-85.44921875,-39.0625,-56.15234375
-61.5234375,-49.8046875,-42.96875,-52.24609375
-51.7578125,-13.18359375,-47.36328125,-54.6875
-51.7578125,-28.3203125,-50.78125,-66.89453125
-58.59375,-62.98828125,-53.22265625,-70.3125
-66.40625,-76.171875,-49.31640625,-63.96484375
-71.77734375,-65.4296875,-51.26953125,-52.734375
-56.15234375,-5.859375,-58.59375,-46.38671875
-35.64453125,4.8828125,-51.26953125,-43.9453125
-41.015625,-73.73046875,-38.57421875,-42.96875
-55.17578125,-95.21484375,-36.62109375,-41.015625
-58.59375,-59.5703125,-40.52734375,-38.0859375
-45.41015625,-19.04296875,-42.96875,-26.3671875
-26.3671875,-18.06640625,-44.921875,-23.4375
-29.296875,-47.36328125,-40.52734375,-34.1796875
-46.875,-72.75390625,-39.0625,-40.0390625
-55.17578125,-65.91796875,-49.31640625,-39.55078125
-53.7109375,-26.85546875,-54.6875,-41.015625
-42.48046875,-16.11328125,-45.8984375,-46.875
-43.9453125,-24.90234375,-43.9453125,-58.10546875
-57.6171875,-71.77734375,-50.78125,-64.94140625
-59.5703125,-77.63671875,-46.38671875,-50.78125
-51.26953125,-24.4140625,-45.41015625,-41.50390625
-39.55078125,-28.80859375,-48.33984375,-44.43359375
-36.1328125,-36.62109375,-48.828125,-47.8515625
-41.9921875,-64.453125,-49.8046875,-46.875
-58.10546875,-72.75390625,-47.8515625,-47.8515625
-59.5703125,-26.3671875,-41.9921875,-46.38671875
-38.0859375,-15.625,-39.55078125,-42.48046875
-29.78515625,-33.203125,-43.9453125,-51.26953125
-44.921875,-58.10546875,-49.8046875,-61.5234375
-55.17578125,-55.17578125,-44.43359375,-52.24609375
-56.640625,-40.0390625,-43.45703125,-45.41015625
-44.43359375,-29.296875,-44.43359375,-43.45703125
-32.2265625,-29.296875,-46.875,-37.109375
-43.45703125,-56.15234375,-50.29296875,-40.52734375
-58.59375,-68.84765625,-45.8984375,-42.96875
-57.12890625,-47.8515625,-42.96875,-39.55078125
-44.43359375,-28.80859375,-46.38671875,-40.0390625
-33.69140625,-29.296875,-46.38671875,-45.41015625
-37.109375,-57.6171875,-44.921875,-49.31640625
-51.7578125,-83.984375,-50.29296875,-47.8515625
-61.5234375,-45.8984375,-55.17578125,-50.78125
-47.36328125,2.9296875,-54.19921875,-48.828125
-30.76171875,-18.5546875,-54.19921875,-44.921875
-40.0390625,-65.4296875,-55.6640625,-56.15234375
-59.08203125,-77.63671875,-53.7109375,-62.98828125
-62.01171875,-52.24609375,-51.26953125,-56.640625
-46.38671875,-6.8359375,-48.828125,-53.22265625
-33.69140625,-7.32421875,-50.29296875,-55.6640625
-37.109375,-63.4765625,-50.78125,-60.546875
-52.734375,-81.54296875,-51.7578125,-63.96484375
-61.5234375,-62.98828125,-52.734375,-51.26953125
-52.734375,-47.36328125,-57.12890625,-42.96875
-37.59765625,-21.484375,-61.5234375,-41.9921875
-43.45703125,-24.4140625,-58.10546875,-45.41015625
-60.546875,-85.44921875,-52.734375,-50.29296875
-71.2890625,-102.05078125,-47.8515625,-47.36328125
-69.3359375,-50.78125,-48.33984375,-49.8046875
-48.828125,-17.08984375,-47.8515625,-49.8046875
-41.015625,-29.78515625,-45.41015625,-53.7109375
-56.640625,-68.359375,-46.38671875,-61.5234375
-70.3125,-82.51953125,-54.19921875,-60.05859375
-58.59375,-37.109375,-62.98828125,-50.78125
-38.57421875,-15.625,-62.5,-44.921875
-36.1328125,-32.71484375,-55.6640625,-48.828125
-49.8046875,-63.4765625,-47.36328125,-52.24609375
-58.10546875,-59.08203125,-39.55078125,-45.8984375
-53.22265625,-23.92578125,-38.57421875,-42.48046875
-42.48046875,-35.64453125,-42.96875,-48.828125
-42.48046875,-49.31640625,-48.33984375,-54.6875
-48.33984375,-63.96484375,-50.29296875,-55.17578125
-57.6171875,-71.2890625,-46.875,-53.7109375
-55.6640625,-31.25,-48.33984375,-47.8515625
-34.66796875,-2.44140625,-43.9453125,-39.55078125
-31.73828125,-22.94921875,-42.96875,-37.109375
-38.0859375,-66.40625,-51.7578125,-38.0859375
-50.78125,-89.84375,-47.36328125,-46.875
-63.4765625,-50.78125,-41.50390625,-49.31640625
-44.921875,16.11328125,-38.0859375,-44.921875
-35.64453125,-22.94921875,-42.48046875,-50.78125
-60.05859375,-87.40234375,-55.17578125,-64.453125
-70.80078125,-89.84375,-51.7578125,-68.359375
-66.40625,-68.359375,-48.828125,-58.10546875
-49.31640625,-20.5078125,-49.8046875,-50.29296875
-34.1796875,-22.94921875,-52.734375,-54.19921875
-39.0625,-52.24609375,-51.26953125,-52.734375
-53.7109375,-71.77734375,-48.828125,-47.8515625
-62.98828125,-58.10546875,-54.19921875,-43.45703125
-50.29296875,-11.71875,-54.19921875,-35.15625
-42.96875,3.90625,-46.38671875,-41.015625
-55.17578125,-36.62109375,-42.48046875,-56.15234375
-65.91796875,-88.8671875,-42.48046875,-59.08203125
-71.77734375,-102.05078125,-46.38671875,-57.12890625
-59.5703125,-46.38671875,-50.29296875,-56.640625
-35.15625,-9.27734375,-45.8984375,-50.29296875
-38.0859375,-35.64453125,-43.9453125,-52.734375
-55.6640625,-62.01171875,-47.36328125,-59.5703125
-60.05859375,-81.0546875,-46.38671875,-49.8046875
-51.7578125,-39.0625,-43.45703125,-41.50390625
-41.9921875,-20.01953125,-51.26953125,-46.38671875
-43.9453125,-51.26953125,-53.22265625,-50.29296875
-51.7578125,-74.70703125,-47.8515625,-47.36328125
-61.5234375,-58.10546875,-48.33984375,-40.52734375
-53.22265625,-21.484375,-44.43359375,-35.15625
-31.25,-20.01953125,-45.41015625,-34.66796875
-30.76171875,-31.25,-43.9453125,-39.55078125
-45.8984375,-61.5234375,-39.0625,-45.41015625
-60.05859375,-72.265625,-46.38671875,-46.38671875
-53.7109375,-20.5078125,-43.45703125,-37.109375
-32.71484375,2.9296875,-39.0625,-32.2265625
-26.85546875,-25.87890625,-34.66796875,-34.1796875
-39.0625,-55.17578125,-34.1796875,-41.015625
-53.7109375,-73.2421875,-41.50390625,-44.43359375
-53.7109375,-31.25,-44.921875,-44.43359375
-32.2265625,19.53125,-46.875,-40.52734375
-26.85546875,-24.4140625,-42.48046875,-42.96875
-44.921875,-85.44921875,-37.109375,-56.640625
-60.546875,-76.66015625,-43.45703125,-55.17578125
-61.5234375,-44.921875,-54.6875,-47.8515625
-45.41015625,-9.765625,-46.875,-42.48046875
-31.73828125,-19.53125,-38.0859375,-41.015625
-40.0390625,-64.453125,-39.55078125,-47.36328125
-58.10546875,-82.03125,-44.43359375,-48.33984375
-57.12890625,-48.828125,-49.31640625,-43.9453125
-40.0390625,-2.9296875,-45.8984375,-48.828125
-31.73828125,-3.90625,-39.55078125,-47.8515625
-42.48046875,-37.109375,-40.52734375,-49.8046875
-61.03515625,-66.40625,-39.0625,-49.8046875
-69.3359375,-79.1015625,-41.9921875,-43.9453125
-55.17578125,-39.0625,-48.33984375,-41.50390625
-36.62109375,-11.23046875,-50.29296875,-39.55078125
-43.45703125,-51.7578125,-51.26953125,-47.8515625
-57.6171875,-76.66015625,-53.22265625,-55.6640625
-53.22265625,-54.19921875,-47.8515625,-54.19921875
-39.55078125,-15.13671875,-45.41015625,-57.12890625
-33.69140625,-6.34765625,-47.8515625,-59.08203125
-40.0390625,-47.36328125,-47.36328125,-60.546875
-52.24609375,-85.9375,-45.8984375,-64.453125
-59.5703125,-44.921875,-39.55078125,-57.12890625
-56.15234375,-12.20703125,-48.828125,-53.7109375
-40.0390625,-19.53125,-58.59375,-52.24609375
-45.41015625,-51.26953125,-59.08203125,-56.15234375
-68.359375,-101.5625,-60.05859375,-67.87109375
-71.2890625,-70.3125,-45.8984375,-57.12890625
-53.22265625,-14.6484375,-42.96875,-36.62109375
-35.64453125,-7.32421875,-52.24609375,-28.3203125
-35.15625,-38.0859375,-55.6640625,-36.1328125
-49.31640625,-66.40625,-55.6640625,-50.29296875
-60.05859375,-74.21875,-49.8046875,-46.38671875
-50.29296875,-31.73828125,-41.015625,-37.109375
-34.1796875,4.39453125,-42.48046875,-36.62109375
-31.25,-38.57421875,-46.38671875,-41.50390625
-46.38671875,-82.03125,-44.921875,-51.26953125
-61.03515625,-79.58984375,-49.8046875,-53.7109375
-57.6171875,-43.9453125,-54.19921875,-49.31640625
-41.50390625,-8.30078125,-50.29296875,-44.43359375
-35.15625,-25.87890625,-47.8515625,-47.8515625
-39.0625,-75.1953125,-48.828125,-47.36328125
-51.26953125,-71.2890625,-44.921875,-47.36328125
-53.7109375,-41.50390625,-38.0859375,-48.33984375
-41.015625,-28.3203125,-42.48046875,-44.921875
-42.48046875,-31.73828125,-49.8046875,-51.26953125
-46.875,-43.9453125,-44.43359375,-50.29296875
-55.17578125,-74.21875,-39.0625,-46.38671875
-70.3125,-86.42578125,-41.9921875,-51.26953125
-52.734375,-25.390625,-39.55078125,-50.78125
-29.78515625,-12.20703125,-35.15625,-44.43359375
-39.0625,-59.08203125,-40.0390625,-43.45703125
-51.26953125,-70.3125,-40.0390625,-45.41015625
-62.5,-56.15234375,-37.109375,-46.875
-56.640625,-9.765625,-40.0390625,-44.43359375
-34.66796875,2.44140625,-40.0390625,-43.45703125
-41.50390625,-69.3359375,-43.9453125,-53.22265625
-58.59375,-82.03125,-46.38671875,-55.6640625
-61.5234375,-38.0859375,-41.9921875,-47.8515625
-47.36328125,-17.08984375,-39.55078125,-41.015625
-34.66796875,-29.296875,-39.55078125,-43.45703125
-41.9921875,-52.24609375,-42.96875,-53.7109375
-54.19921875,-78.61328125,-44.921875,-55.17578125
-67.3828125,-70.3125,-49.8046875,-51.26953125
-62.01171875,-23.92578125,-55.6640625,-49.31640625
-44.921875,-6.34765625,-51.26953125,-52.734375
-45.41015625,-41.015625,-48.828125,-53.7109375
-57.6171875,-73.2421875,-55.6640625,-51.7578125
-61.03515625,-70.3125,-55.6640625,-49.31640625
-50.78125,-31.25,-53.22265625,-42.96875
-34.66796875,10.25390625,-49.31640625,-45.41015625
-39.0625,-33.203125,-48.828125,-56.15234375
-59.5703125,-98.14453125,-53.7109375,-62.01171875
-67.3828125,-82.03125,-47.8515625,-55.6640625
-58.10546875,-40.52734375,-44.921875,-47.36328125
-40.0390625,-16.11328125,-42.48046875,-41.50390625
-41.9921875,-28.80859375,-41.50390625,-50.78125
-53.7109375,-73.73046875,-51.26953125,-65.4296875
-68.84765625,-73.73046875,-55.17578125,-61.5234375
-69.82421875,-38.0859375,-56.15234375,-55.17578125
-48.33984375,-29.296875,-55.6640625,-51.7578125
-41.50390625,-32.2265625,-52.734375,-55.17578125
-52.734375,-51.26953125,-54.19921875,-56.15234375
-66.40625,-89.35546875,-57.6171875,-47.36328125
-67.3828125,-52.734375,-54.19921875,-40.52734375
-48.33984375,-3.41796875,-52.734375,-38.0859375
-39.55078125,-35.15625,-60.05859375,-45.41015625
-58.10546875,-71.2890625,-64.453125,-59.5703125
-63.96484375,-80.078125,-54.19921875,-57.6171875
-56.15234375,-60.546875,-45.41015625,-46.875
-41.9921875,-15.625,-46.875,-45.41015625
-30.76171875,-21.97265625,-46.875,-45.8984375
-40.52734375,-71.77734375,-45.41015625,-49.31640625
-54.6875,-66.40625,-51.7578125,-47.36328125
-53.22265625,-34.66796875,-52.24609375,-40.52734375
-45.41015625,-30.76171875,-45.41015625,-36.1328125
-37.59765625,-31.73828125,-40.52734375,-32.2265625
-41.50390625,-71.77734375,-36.62109375,-43.45703125
-52.734375,-88.37890625,-33.69140625,-47.36328125
-61.03515625,-56.15234375,-45.8984375,-41.015625
-58.59375,-16.6015625,-51.26953125,-45.8984375
-47.8515625,-32.2265625,-43.9453125,-55.6640625
-51.26953125,-81.54296875,-44.921875,-62.01171875
-67.87109375,-98.6328125,-50.78125,-62.5
-69.82421875,-77.1484375,-50.29296875,-53.22265625
-52.24609375,-20.99609375,-54.19921875,-50.78125
-45.41015625,-16.6015625,-60.546875,-53.22265625
-44.921875,-69.82421875,-52.24609375,-53.22265625
-46.38671875,-90.33203125,-41.015625,-54.6875
-50.78125,-67.87109375,-44.43359375,-43.9453125
-42.96875,-23.4375,-49.8046875,-38.0859375
-32.71484375,-21.97265625,-53.7109375,-37.109375
-37.109375,-47.36328125,-51.7578125,-45.41015625
-48.33984375,-75.1953125,-48.33984375,-49.8046875
-58.10546875,-67.3828125,-52.24609375,-38.0859375
-50.29296875,-10.7421875,-51.7578125,-34.66796875
-28.80859375,-18.5546875,-46.38671875,-34.1796875
-25.390625,-39.0625,-46.38671875,-41.015625
-35.64453125,-44.921875,-47.36328125,-44.921875
-46.38671875,-72.75390625,-43.9453125,-37.59765625
-46.875,-44.921875,-41.50390625,-31.73828125
-35.15625,-13.671875,-40.52734375,-28.80859375
-33.203125,-31.25,-41.015625,-45.8984375
-47.8515625,-69.82421875,-43.9453125,-57.6171875
-63.96484375,-79.58984375,-46.875,-54.6875
-69.3359375,-47.36328125,-52.734375,-60.05859375
-43.45703125,-13.671875,-51.26953125,-55.17578125
-29.78515625,-21.97265625,-45.8984375,-52.734375
-47.8515625,-74.21875,-51.26953125,-56.15234375
-57.6171875,-78.125,-53.7109375,-54.6875
-56.15234375,-26.3671875,-51.7578125,-50.78125
-40.52734375,-6.8359375,-47.8515625,-44.921875
-34.66796875,-37.59765625,-50.29296875,-51.26953125
-52.24609375,-85.44921875,-55.17578125,-61.03515625
-64.94140625,-83.984375,-42.48046875,-57.6171875
-60.546875,-49.8046875,-30.2734375,-46.875
-42.96875,-17.08984375,-33.203125,-41.015625
-28.3203125,-11.71875,-36.62109375,-45.41015625
-31.25,-54.6875,-35.64453125,-49.8046875
-48.33984375,-74.21875,-38.57421875,-47.8515625
-53.22265625,-57.12890625,-41.9921875,-41.9921875
-40.52734375,-22.4609375,-47.36328125,-37.109375
-26.3671875,10.25390625,-48.33984375,-36.1328125
-31.73828125,-47.8515625,-43.45703125,-39.55078125
-53.22265625,-84.47265625,-40.52734375,-46.875
-55.6640625,-47.36328125,-40.52734375,-42.48046875
-42.48046875,-25.390625,-39.0625,-41.015625
-38.0859375,-10.7421875,-36.62109375,-50.29296875
-47.8515625,-48.33984375,-43.9453125,-58.10546875
-64.453125,-88.37890625,-47.8515625,-52.734375
-70.80078125,-75.68359375,-46.38671875,-46.38671875
-56.640625,-22.94921875,-46.38671875,-45.8984375
-40.52734375,-11.71875,-45.8984375,-46.875
-46.38671875,-43.9453125,-41.9921875,-57.12890625
-61.03515625,-62.01171875,-38.57421875,-58.59375
-67.3828125,-78.125,-38.57421875,-52.734375
-60.05859375,-54.6875,-36.62109375,-48.33984375
-46.875,-21.484375,-45.41015625,-49.8046875
-42.96875,-38.57421875,-53.22265625,-53.22265625
-56.640625,-77.1484375,-47.36328125,-57.12890625
-70.80078125,-80.56640625,-41.9921875,-65.4296875
-62.5,-43.9453125,-45.8984375,-59.08203125
-47.8515625,-23.4375,-49.31640625,-57.12890625
-43.45703125,-46.38671875,-50.78125,-59.08203125
-50.78125,-81.54296875,-56.15234375,-56.640625
-64.94140625,-82.03125,-54.19921875,-61.5234375
-57.6171875,-20.5078125,-47.36328125,-56.640625
-38.57421875,-15.13671875,-54.19921875,-55.17578125
-44.921875,-55.17578125,-66.89453125,-63.96484375
-53.22265625,-69.82421875,-59.08203125,-65.4296875
-59.5703125,-68.84765625,-53.7109375,-58.59375
-62.01171875,-45.41015625,-60.05859375,-50.29296875
-43.45703125,-6.34765625,-56.15234375,-40.52734375
-35.64453125,-20.01953125,-51.7578125,-41.50390625
-47.8515625,-52.24609375,-47.8515625,-51.7578125
-61.03515625,-62.98828125,-43.9453125,-54.6875
-64.453125,-72.265625,-38.57421875,-46.875
-51.7578125,-21.97265625,-39.55078125,-43.9453125
-42.96875,9.765625,-38.0859375,-49.31640625
-48.33984375,-59.08203125,-41.9921875,-54.6875
-55.17578125,-89.35546875,-51.26953125,-53.7109375
-52.734375,-53.7109375,-49.8046875,-44.43359375
-36.62109375,-19.04296875,-45.8984375,-39.0625
-27.83203125,-20.5078125,-49.31640625,-42.48046875
-34.66796875,-54.19921875,-53.7109375,-51.26953125
-48.828125,-77.1484375,-45.8984375,-56.15234375
-58.59375,-72.75390625,-43.45703125,-53.7109375
-53.22265625,-34.66796875,-45.41015625,-49.31640625
-36.1328125,-7.8125,-40.0390625,-45.41015625
-36.62109375,-38.0859375,-34.1796875,-45.41015625
-55.6640625,-58.59375,-36.62109375,-44.921875
-65.91796875,-57.6171875,-42.96875,-44.43359375
-55.17578125,-44.43359375,-46.875,-43.45703125
-37.109375,-25.390625,-49.8046875,-43.9453125
-30.2734375,-41.9921875,-50.29296875,-47.36328125
-40.52734375,-81.54296875,-51.7578125,-43.9453125
-50.29296875,-77.1484375,-55.17578125,-40.0390625
-38.0859375,-21.484375,-43.45703125,-32.2265625
-21.97265625,-1.953125,-33.203125,-28.3203125
-26.85546875,-35.15625,-36.1328125,-34.1796875
-44.921875,-78.61328125,-37.109375,-41.015625
-55.17578125,-70.80078125,-38.57421875,-40.0390625
-45.8984375,-13.18359375,-42.48046875,-35.64453125
-22.94921875,-19.53125,-46.875,-32.71484375
-17.08984375,-40.52734375,-41.50390625,-38.0859375
-30.2734375,-57.12890625,-45.41015625,-45.8984375
-47.36328125,-81.0546875,-50.29296875,-42.48046875
-49.8046875,-45.41015625,-40.52734375,-39.55078125
-29.296875,-4.39453125,-34.66796875,-30.76171875
-23.92578125,-16.6015625,-41.50390625,-31.73828125
-46.38671875,-76.171875,-56.15234375,-53.7109375
-55.6640625,-88.8671875,-51.26953125,-50.29296875
-44.43359375,-41.50390625,-39.55078125,-36.1328125
-22.94921875,-2.44140625,-37.109375,-32.71484375
-11.23046875,0.0,-40.0390625,-30.76171875
-26.3671875,-57.6171875,-47.36328125,-31.73828125
-44.43359375,-83.0078125,-45.8984375,-37.109375
-46.38671875,-43.9453125,-43.9453125,-40.0390625
-30.2734375,-2.44140625,-42.96875,-30.76171875
-27.34375,-10.7421875,-43.45703125,-39.0625
-41.50390625,-60.05859375,-42.48046875,-52.24609375
-61.5234375,-84.47265625,-41.015625,-54.19921875
-74.70703125,-52.734375,-41.015625,-51.26953125
-51.7578125,-10.25390625,-33.69140625,-39.55078125
-40.0390625,-16.11328125,-36.1328125,-40.52734375
-51.7578125,-53.22265625,-40.0390625,-48.33984375
-63.4765625,-63.96484375,-42.48046875,-49.8046875
-67.3828125,-75.68359375,-51.26953125,-49.31640625
-58.59375,-52.734375,-55.17578125,-52.734375
-45.41015625,-30.76171875,-53.22265625,-56.15234375
-42.96875,-62.5,-46.38671875,-52.734375
-56.640625,-92.28515625,-43.45703125,-48.828125
-69.82421875,-68.359375,-46.875,-47.36328125
-63.96484375,-37.59765625,-53.7109375,-50.29296875
-47.8515625,-29.296875,-52.24609375,-52.24609375
-46.38671875,-39.0625,-51.26953125,-54.19921875
-54.19921875,-84.9609375,-51.7578125,-60.546875
-60.546875,-78.61328125,-51.26953125,-56.15234375
-52.734375,-14.16015625,-47.8515625,-39.55078125
-40.0390625,-22.94921875,-47.36328125,-44.921875
-40.0390625,-57.6171875,-49.8046875,-53.22265625
-48.828125,-82.51953125,-45.8984375,-48.828125
-60.05859375,-82.51953125,-48.33984375,-48.33984375
-57.12890625,-39.0625,-49.8046875,-39.0625
-38.0859375,-21.97265625,-47.36328125,-35.64453125
-37.59765625,-30.76171875,-49.31640625,-45.8984375
-49.8046875,-63.96484375,-44.921875,-46.38671875
-57.12890625,-76.171875,-45.41015625,-44.43359375
-58.59375,-44.921875,-49.31640625,-48.33984375
-38.0859375,-16.6015625,-49.31640625,-44.921875
-23.92578125,-9.765625,-40.0390625,-40.52734375
-35.64453125,-63.4765625,-38.0859375,-49.8046875
-56.640625,-110.83984375,-49.31640625,-57.6171875
-49.31640625,-52.734375,-52.24609375,-47.8515625
-29.296875,-15.13671875,-53.22265625,-43.45703125
-25.87890625,-28.80859375,-50.29296875,-46.875
-41.50390625,-62.5,-43.9453125,-58.10546875
-54.6875,-70.80078125,-42.96875,-59.08203125
-52.734375,-45.41015625,-45.8984375,-49.31640625
-43.9453125,-16.11328125,-52.24609375,-41.015625
-43.45703125,-17.578125,-51.26953125,-45.41015625
-58.10546875,-62.01171875,-44.43359375,-63.96484375
-72.75390625,-62.5,-44.921875,-63.4765625
-68.84765625,-61.5234375,-49.31640625,-52.24609375
-40.52734375,-35.15625,-47.8515625,-37.109375
-30.76171875,-25.87890625,-41.9921875,-33.69140625
-52.24609375,-68.359375,-40.52734375,-54.6875
-51.7578125,-77.1484375,-46.38671875,-49.31640625
-47.8515625,-65.4296875,-45.41015625,-40.52734375
-47.8515625,-18.5546875,-39.0625,-56.15234375
-32.2265625,-20.01953125,-39.55078125,-51.26953125
-43.45703125,-71.77734375,-50.78125,-62.01171875
-59.5703125,-78.61328125,-55.17578125,-70.80078125
-60.546875,-58.10546875,-54.6875,-55.6640625
-54.6875,-8.7890625,-57.12890625,-51.7578125
-44.43359375,-23.92578125,-51.26953125,-54.6875
-46.38671875,-69.3359375,-42.48046875,-57.12890625
-58.10546875,-85.9375,-40.0390625,-55.6640625
-69.82421875,-74.70703125,-39.55078125,-53.22265625
-60.546875,-23.4375,-38.57421875,-52.734375
-40.52734375,-0.48828125,-42.48046875,-48.828125
-41.50390625,-50.78125,-43.45703125,-51.7578125
-59.08203125,-86.42578125,-41.9921875,-56.15234375
-70.3125,-73.2421875,-46.875,-51.7578125
-63.4765625,-43.9453125,-51.7578125,-46.875
-43.45703125,-12.20703125,-50.29296875,-41.015625
-37.59765625,-16.6015625,-43.45703125,-42.96875
-52.24609375,-77.63671875,-41.9921875,-52.24609375
-62.5,-86.9140625,-43.45703125,-50.78125
-54.6875,-33.203125,-41.015625,-39.0625
-41.015625,-16.6015625,-42.48046875,-41.50390625
-41.9921875,-44.43359375,-45.41015625,-52.734375
-52.734375,-72.75390625,-50.29296875,-59.5703125
-66.40625,-81.0546875,-52.734375,-60.05859375
-66.89453125,-42.96875,-45.41015625,-50.78125
-45.41015625,-2.44140625,-44.43359375,-44.921875
-39.55078125,-31.25,-44.43359375,-42.48046875
-54.6875,-73.73046875,-47.36328125,-48.828125
-67.3828125,-66.40625,-45.41015625,-49.8046875
-66.40625,-64.453125,-38.57421875,-41.015625
-48.828125,-37.109375,-38.57421875,-39.0625
-39.0625,-32.71484375,-43.9453125,-44.43359375
-48.828125,-66.89453125,-47.8515625,-49.8046875
-60.05859375,-72.75390625,-43.45703125,-45.8984375
-65.91796875,-66.40625,-47.36328125,-40.52734375
-51.7578125,-26.85546875,-47.8515625,-37.109375
-39.55078125,-18.06640625,-40.0390625,-37.109375
-47.8515625,-61.03515625,-42.48046875,-46.38671875
-59.08203125,-87.890625,-41.9921875,-47.8515625
-63.4765625,-59.5703125,-41.9921875,-43.45703125
-47.36328125,-0.48828125,-45.41015625,-42.96875
-25.390625,-11.71875,-43.9453125,-38.0859375
-23.92578125,-65.91796875,-43.45703125,-40.0390625
-44.921875,-97.65625,-52.24609375,-54.6875
-60.05859375,-81.0546875,-56.15234375,-53.22265625
-41.9921875,-13.18359375,-54.19921875,-40.0390625
-21.484375,4.8828125,-50.78125,-39.0625
-31.73828125,-41.015625,-42.96875,-43.45703125
-56.15234375,-86.42578125,-44.921875,-54.6875
-62.01171875,-60.546875,-47.8515625,-51.26953125
-48.33984375,-18.5546875,-52.24609375,-38.0859375
-29.78515625,-0.9765625,-50.29296875,-38.57421875
-30.76171875,-13.18359375,-43.9453125,-46.875
-48.828125,-81.0546875,-38.0859375,-57.12890625
-65.4296875,-82.51953125,-46.38671875,-57.12890625
-58.59375,-19.04296875,-54.19921875,-48.33984375
-39.0625,-19.04296875,-49.8046875,-48.828125
-41.50390625,-40.52734375,-48.828125,-58.10546875
-55.6640625,-87.890625,-55.6640625,-62.01171875
-65.4296875,-92.7734375,-58.59375,-56.15234375
-64.453125,-41.9921875,-55.6640625,-50.78125
-45.8984375,-15.625,-56.15234375,-55.6640625
-43.45703125,-38.0859375,-61.03515625,-70.3125
-61.03515625,-64.94140625,-64.453125,-73.73046875
-72.75390625,-64.94140625,-56.640625,-65.91796875
-65.91796875,-57.6171875,-49.31640625,-58.10546875
-43.45703125,-28.80859375,-45.41015625,-52.24609375
-30.76171875,-18.5546875,-44.921875,-52.24609375
-35.64453125,-52.24609375,-46.38671875,-54.19921875
-47.36328125,-67.3828125,-46.875,-51.7578125
-55.6640625,-41.015625,-49.8046875,-44.43359375
-39.0625,-19.04296875,-47.8515625,-32.71484375
-24.90234375,-22.4609375,-44.921875,-34.66796875
-41.50390625,-60.546875,-48.33984375,-46.38671875
-65.91796875,-84.9609375,-51.7578125,-45.8984375
-68.84765625,-53.22265625,-48.828125,-39.55078125
-51.7578125,4.8828125,-42.48046875,-35.64453125
-45.8984375,-12.6953125,-43.9453125,-42.96875
-50.29296875,-65.4296875,-44.921875,-51.26953125
-62.98828125,-75.68359375,-46.38671875,-48.33984375
-66.89453125,-58.10546875,-53.22265625,-37.59765625
-48.828125,-32.2265625,-53.7109375,-35.64453125
-35.15625,-23.4375,-49.8046875,-43.9453125
-34.1796875,-50.29296875,-43.45703125,-48.828125
-53.22265625,-75.1953125,-48.33984375,-60.05859375
-67.87109375,-66.40625,-55.6640625,-62.5
-47.8515625,-37.59765625,-50.29296875,-53.7109375
-32.71484375,-26.3671875,-42.48046875,-50.78125
-43.45703125,-36.62109375,-41.50390625,-58.10546875
-59.08203125,-88.8671875,-47.8515625,-64.94140625
-62.5,-97.65625,-46.38671875,-54.6875
-46.875,-25.390625,-40.52734375,-46.875
-33.203125,-1.46484375,-41.9921875,-48.33984375
-38.57421875,-32.2265625,-46.875,-55.17578125
-54.19921875,-67.87109375,-48.33984375,-61.03515625
-62.01171875,-68.84765625,-49.8046875,-53.7109375
-51.26953125,-25.390625,-52.734375,-44.43359375
-32.2265625,-10.7421875,-51.7578125,-41.50390625
-35.64453125,-36.62109375,-44.43359375,-49.31640625
-51.26953125,-70.80078125,-40.52734375,-53.7109375
-57.12890625,-67.3828125,-38.0859375,-44.43359375
-55.17578125,-22.4609375,-37.59765625,-44.43359375
-41.9921875,-14.6484375,-43.9453125,-48.33984375
-40.0390625,-39.55078125,-49.31640625,-55.17578125
-53.7109375,-70.80078125,-52.24609375,-63.4765625
-67.87109375,-84.9609375,-57.6171875,-61.5234375
-63.96484375,-46.875,-52.24609375,-51.26953125
-46.38671875,-14.6484375,-42.96875,-41.015625
-39.55078125,-28.3203125,-42.96875,-40.0390625
-45.8984375,-61.5234375,-42.48046875,-49.31640625
-57.6171875,-75.1953125,-39.0625,-49.8046875
-55.17578125,-38.57421875,-37.59765625,-43.45703125
-44.43359375,12.6953125,-39.0625,-50.29296875
-44.43359375,-28.3203125,-46.875,-60.05859375
-50.29296875,-83.0078125,-47.8515625,-55.6640625
-65.4296875,-83.49609375,-52.24609375,-58.59375
-70.3125,-62.98828125,-59.5703125,-56.15234375
-54.19921875,-18.06640625,-54.6875,-49.31640625
-45.41015625,-19.04296875,-48.828125,-57.12890625
-47.8515625,-61.03515625,-48.33984375,-61.03515625
-60.05859375,-67.87109375,-46.38671875,-54.6875
-66.89453125,-45.41015625,-45.8984375,-46.38671875
-51.7578125,-20.01953125,-44.43359375,-41.50390625
-44.43359375,-14.16015625,-43.9453125,-42.48046875
-55.6640625,-53.22265625,-52.24609375,-55.17578125
-65.91796875,-90.8203125,-58.10546875,-58.10546875
-63.96484375,-73.2421875,-53.22265625,-46.38671875
-44.921875,-13.671875,-48.828125,-37.109375
-26.3671875,-2.44140625,-46.875,-35.15625
-28.80859375,-45.8984375,-41.9921875,-40.52734375
-44.43359375,-73.2421875,-42.48046875,-45.41015625
-52.24609375,-68.359375,-38.0859375,-44.921875
-48.828125,-30.76171875,-42.96875,-42.48046875
-38.57421875,-16.6015625,-51.7578125,-39.0625
-39.55078125,-41.9921875,-44.921875,-48.33984375
-55.17578125,-61.03515625,-45.41015625,-53.7109375
-60.546875,-49.8046875,-49.8046875,-41.015625
-54.19921875,-29.296875,-51.26953125,-38.57421875
-43.45703125,-23.92578125,-49.8046875,-42.96875
-42.96875,-42.96875,-44.43359375,-50.29296875
-58.10546875,-81.0546875,-38.0859375,-54.19921875
-75.68359375,-89.35546875,-40.52734375,-57.12890625
-68.84765625,-36.1328125,-40.0390625,-48.33984375
-51.26953125,-19.04296875,-42.48046875,-44.43359375
-44.921875,-32.71484375,-46.38671875,-53.22265625
-53.7109375,-56.15234375,-44.921875,-53.22265625
-72.265625,-77.1484375,-53.22265625,-49.8046875
-73.73046875,-34.1796875,-55.6640625,-49.8046875
-49.8046875,2.9296875,-45.41015625,-43.45703125
-43.45703125,-38.0859375,-41.50390625,-46.38671875
-52.24609375,-87.890625,-43.45703125,-54.19921875
-60.05859375,-82.51953125,-43.45703125,-48.828125
-62.5,-40.52734375,-42.96875,-46.38671875
-43.9453125,-8.30078125,-44.921875,-41.015625
-30.76171875,-9.765625,-46.38671875,-42.48046875
-41.50390625,-43.45703125,-56.15234375,-53.7109375
-55.6640625,-83.0078125,-56.15234375,-55.6640625
-59.5703125,-61.03515625,-44.43359375,-48.33984375
-44.43359375,-16.6015625,-36.1328125,-45.41015625
-39.0625,-28.3203125,-40.0390625,-50.78125
-47.8515625,-54.19921875,-45.41015625,-51.7578125
-56.640625,-79.1015625,-42.96875,-49.8046875
-67.87109375,-86.9140625,-50.29296875,-50.78125
-51.7578125,-33.69140625,-48.828125,-50.29296875
-38.57421875,-24.4140625,-45.41015625,-46.875
-45.8984375,-70.3125,-46.875,-50.29296875
-62.01171875,-88.8671875,-56.15234375,-62.01171875
-67.3828125,-65.91796875,-66.40625,-63.96484375
-44.921875,-11.23046875,-56.15234375,-49.31640625
-32.71484375,1.953125,-44.921875,-45.8984375
-39.55078125,-46.875,-44.43359375,-53.7109375
-48.828125,-79.58984375,-45.41015625,-56.15234375
-48.828125,-41.50390625,-49.31640625,-45.41015625
-41.9921875,-18.5546875,-49.31640625,-36.62109375
-36.1328125,-26.85546875,-46.875,-39.0625
-41.50390625,-36.1328125,-47.8515625,-48.33984375
-60.546875,-74.21875,-49.31640625,-62.01171875
-71.2890625,-81.0546875,-47.8515625,-56.15234375
-62.5,-37.109375,-45.8984375,-53.7109375
-45.41015625,-17.08984375,-46.875,-59.5703125
-34.1796875,-40.0390625,-42.48046875,-52.734375
-46.875,-72.75390625,-44.921875,-50.78125
-56.15234375,-65.91796875,-52.24609375,-41.50390625
-43.9453125,-23.4375,-50.78125,-31.73828125
-19.53125,4.39453125,-46.38671875,-27.83203125
-18.5546875,-41.50390625,-46.38671875,-35.64453125
-44.43359375,-103.515625,-48.828125,-39.0625
-55.6640625,-85.44921875,-48.33984375,-34.66796875
-46.38671875,-31.73828125,-44.43359375,-30.2734375
-33.69140625,-6.34765625,-38.57421875,-26.85546875
-38.0859375,-22.4609375,-46.875,-35.64453125
-48.33984375,-75.68359375,-48.828125,-40.52734375
-58.10546875,-82.51953125,-42.48046875,-42.48046875
-59.08203125,-31.73828125,-41.50390625,-37.59765625
-43.45703125,-12.20703125,-39.0625,-35.15625
-34.1796875,-30.2734375,-43.9453125,-50.29296875
-45.41015625,-52.734375,-49.8046875,-64.453125
-59.08203125,-81.54296875,-48.828125,-67.87109375
-59.5703125,-62.5,-50.29296875,-61.5234375
-46.38671875,-10.25390625,-51.26953125,-54.6875
-37.109375,-21.484375,-48.33984375,-58.10546875
-44.921875,-71.77734375,-49.8046875,-63.4765625
-61.03515625,-78.61328125,-51.26953125,-62.5
-67.87109375,-47.36328125,-50.78125,-55.6640625
-57.6171875,-10.25390625,-53.7109375,-52.734375
-53.22265625,-26.3671875,-59.5703125,-55.17578125
-53.22265625,-68.84765625,-52.734375,-58.10546875
-59.08203125,-71.77734375,-50.78125,-54.6875
-67.87109375,-52.24609375,-52.24609375,-47.8515625
-50.78125,-22.4609375,-43.9453125,-44.43359375
-31.73828125,-33.203125,-46.38671875,-40.52734375
-39.0625,-72.265625,-48.828125,-45.8984375
-54.6875,-82.03125,-47.36328125,-50.29296875
-66.89453125,-71.2890625,-48.33984375,-47.36328125
-55.6640625,-32.2265625,-47.36328125,-43.9453125
-34.66796875,-17.578125,-44.43359375,-40.0390625
-41.50390625,-60.05859375,-44.921875,-45.41015625
-54.6875,-79.58984375,-50.29296875,-50.78125
-57.6171875,-73.2421875,-50.78125,-46.38671875
-45.8984375,-23.4375,-50.78125,-39.0625
-29.78515625,17.08984375,-44.921875,-39.55078125
-29.78515625,-37.109375,-35.15625,-51.26953125
-43.45703125,-89.35546875,-45.8984375,-58.59375
-60.05859375,-85.44921875,-53.7109375,-57.6171875
-62.01171875,-51.7578125,-57.12890625,-59.08203125
-38.0859375,-20.01953125,-49.31640625,-50.29296875
-35.15625,-31.25,-37.59765625,-49.31640625
-52.24609375,-71.77734375,-42.96875,-47.8515625
-58.59375,-70.80078125,-48.33984375,-40.0390625
-54.19921875,-26.3671875,-50.78125,-41.9921875
-33.69140625,-8.7890625,-42.96875,-43.45703125
-26.3671875,-17.578125,-39.0625,-50.29296875
-35.64453125,-46.875,-41.015625,-53.22265625
-41.50390625,-85.9375,-39.55078125,-51.7578125
-43.45703125,-44.921875,-39.0625,-48.33984375
-29.296875,-6.34765625,-42.48046875,-40.52734375
-20.99609375,-41.50390625,-45.8984375,-44.921875
-34.1796875,-69.3359375,-39.0625,-47.8515625
-52.734375,-73.2421875,-41.50390625,-42.96875
-56.640625,-42.48046875,-45.8984375,-40.0390625
-43.9453125,-12.20703125,-46.38671875,-36.62109375
-37.109375,-23.4375,-47.36328125,-37.59765625
-45.8984375,-65.4296875,-40.52734375,-48.33984375
-67.87109375,-83.984375,-43.45703125,-55.6640625
-71.77734375,-41.50390625,-51.7578125,-51.26953125
-54.6875,-18.06640625,-46.875,-51.7578125
-44.921875,-38.0859375,-46.875,-55.17578125
-57.6171875,-83.984375,-58.59375,-62.01171875
-70.3125,-104.4921875,-60.546875,-65.4296875
-63.4765625,-57.6171875,-56.15234375,-54.6875
-44.921875,-12.6953125,-47.36328125,-45.41015625
-34.1796875,-27.34375,-41.50390625,-43.9453125
-42.48046875,-61.5234375,-42.48046875,-53.22265625
-50.78125,-75.68359375,-45.8984375,-58.10546875
-52.24609375,-64.453125,-45.41015625,-53.22265625
-47.36328125,-15.13671875,-41.9921875,-48.33984375
-32.71484375,12.20703125,-42.48046875,-42.96875
-39.0625,-45.41015625,-43.9453125,-55.17578125
-57.12890625,-96.19140625,-45.41015625,-62.5
-59.08203125,-70.3125,-51.26953125,-54.19921875
-45.8984375,-20.99609375,-50.29296875,-53.22265625
-28.80859375,-15.625,-43.9453125,-50.78125
-24.90234375,-34.1796875,-41.015625,-43.9453125
-42.96875,-65.4296875,-38.0859375,-50.29296875
-57.12890625,-86.42578125,-41.015625,-54.19921875
-51.26953125,-32.2265625,-39.0625,-41.015625
-49.8046875,-37.109375,-45.41015625,-50.78125
-51.26953125,-57.12890625,-43.9453125,-64.94140625
-57.12890625,-51.26953125,-37.109375,-59.08203125
-69.82421875,-82.03125,-47.36328125,-53.22265625
-62.5,-63.4765625,-49.31640625,-41.50390625
-43.45703125,-22.4609375,-43.9453125,-35.15625
-39.55078125,-39.55078125,-39.55078125,-36.62109375
-54.6875,-71.2890625,-38.57421875,-42.96875
-69.82421875,-83.0078125,-43.9453125,-43.45703125
-64.453125,-41.50390625,-47.36328125,-42.48046875
-46.875,-0.9765625,-47.36328125,-44.43359375
-41.50390625,-26.3671875,-44.43359375,-47.8515625
-49.8046875,-80.56640625,-42.96875,-53.7109375
-57.12890625,-74.21875,-48.33984375,-55.6640625
-47.8515625,-19.53125,-51.26953125,-49.8046875
-29.296875,-12.6953125,-52.734375,-44.921875
-33.203125,-58.59375,-44.43359375,-48.828125
-47.36328125,-86.9140625,-37.59765625,-54.6875
-59.08203125,-84.47265625,-42.96875,-51.7578125
-64.94140625,-59.08203125,-49.8046875,-49.31640625
-45.41015625,-22.4609375,-49.31640625,-51.26953125
-32.71484375,-20.99609375,-45.8984375,-47.8515625
-41.50390625,-56.640625,-50.29296875,-48.33984375
-58.10546875,-74.21875,-57.6171875,-49.31640625
-61.5234375,-58.10546875,-51.7578125,-42.48046875
-48.33984375,-16.6015625,-45.41015625,-37.109375
-43.9453125,8.7890625,-44.43359375,-39.0625
-49.31640625,-58.59375,-40.0390625,-40.52734375
-55.17578125,-93.26171875,-36.1328125,-35.64453125
-65.4296875,-59.08203125,-44.43359375,-44.921875
-70.80078125,-26.85546875,-53.7109375,-62.98828125
-61.03515625,-12.20703125,-51.7578125,-65.91796875
-56.640625,-41.015625,-54.6875,-62.01171875
-73.73046875,-73.2421875,-59.5703125,-65.91796875
-83.0078125,-72.265625,-62.01171875,-69.82421875
-63.4765625,-18.5546875,-58.10546875,-58.10546875
-37.109375,2.44140625,-54.19921875,-49.31640625
-33.203125,-25.390625,-51.26953125,-48.828125
-51.7578125,-59.08203125,-47.8515625,-52.734375
-65.91796875,-81.54296875,-52.24609375,-52.24609375
-56.15234375,-41.50390625,-53.7109375,-47.8515625
-33.69140625,-1.46484375,-51.26953125,-45.41015625
-37.109375,-42.96875,-54.19921875,-52.734375
-51.7578125,-75.1953125,-61.03515625,-56.640625
-46.875,-66.89453125,-53.22265625,-36.62109375
-39.0625,-48.828125,-41.9921875,-21.97265625
-24.90234375,-19.04296875,-38.0859375,-20.01953125
-27.83203125,-29.296875,-43.9453125,-28.3203125
-43.9453125,-71.77734375,-49.8046875,-35.15625
-58.59375,-75.68359375,-50.78125,-37.59765625
-61.5234375,-28.3203125,-48.33984375,-41.50390625
-35.15625,-19.53125,-44.43359375,-40.0390625
-30.2734375,-45.8984375,-47.8515625,-48.828125
-52.24609375,-76.171875,-50.78125,-53.7109375
-64.453125,-84.9609375,-51.7578125,-52.24609375
-55.17578125,-41.9921875,-51.7578125,-45.41015625
-41.015625,-14.16015625,-44.921875,-41.9921875
-39.0625,-38.0859375,-41.9921875,-49.8046875
-50.78125,-74.21875,-45.8984375,-53.7109375
-63.96484375,-78.61328125,-45.8984375,-54.19921875
-64.453125,-61.5234375,-40.52734375,-46.875
-61.5234375,-21.97265625,-45.41015625,-53.22265625
-59.08203125,-7.32421875,-54.6875,-64.94140625
-55.6640625,-74.70703125,-52.24609375,-60.05859375
-64.453125,-101.5625,-53.22265625,-53.22265625
-67.3828125,-53.7109375,-52.734375,-48.33984375
-48.33984375,-15.13671875,-52.734375,-44.43359375
-33.69140625,-15.625,-48.828125,-41.50390625
-40.0390625,-46.38671875,-41.9921875,-42.96875
-58.10546875,-74.21875,-46.38671875,-47.8515625
-62.98828125,-64.94140625,-46.875,-52.734375
-43.45703125,-22.4609375,-42.48046875,-48.33984375
-31.73828125,-20.5078125,-41.9921875,-48.33984375
-38.57421875,-50.29296875,-43.9453125,-58.10546875
-49.8046875,-67.87109375,-48.828125,-62.5
-59.08203125,-69.3359375,-46.38671875,-55.6640625
-45.8984375,-43.9453125,-40.0390625,-46.875
-34.1796875,-27.34375,-45.41015625,-48.828125
-43.45703125,-43.9453125,-44.43359375,-53.7109375
-55.17578125,-70.80078125,-36.62109375,-58.10546875
-70.3125,-79.58984375,-48.33984375,-63.96484375
-62.98828125,-30.76171875,-55.6640625,-58.59375
-36.1328125,-5.859375,-44.921875,-46.875
-33.203125,-41.015625,-42.48046875,-52.24609375
-51.26953125,-80.56640625,-50.29296875,-63.4765625
-66.89453125,-65.4296875,-50.78125,-61.03515625
-56.640625,2.9296875,-46.875,-51.7578125
-39.0625,-11.71875,-50.78125,-52.24609375
-37.109375,-45.41015625,-47.8515625,-56.15234375
-48.828125,-54.19921875,-42.48046875,-62.01171875
-62.5,-83.49609375,-42.96875,-57.12890625
-58.10546875,-51.26953125,-43.9453125,-44.43359375
-43.9453125,-13.18359375,-44.43359375,-38.57421875
-39.55078125,-28.80859375,-41.015625,-36.1328125
-52.734375,-65.91796875,-41.015625,-42.96875
-64.453125,-74.70703125,-41.50390625,-43.9453125
-58.10546875,-45.41015625,-45.8984375,-33.69140625
-43.9453125,-1.953125,-51.7578125,-31.73828125
-38.0859375,-13.671875,-52.734375,-46.38671875
-45.41015625,-83.0078125,-55.6640625,-52.734375
-62.5,-96.19140625,-51.7578125,-56.15234375
-69.82421875,-54.6875,-43.9453125,-56.640625
-52.734375,-23.92578125,-45.8984375,-53.22265625
-37.59765625,-22.94921875,-48.828125,-53.22265625
-55.6640625,-72.75390625,-52.734375,-62.01171875
-73.2421875,-103.515625,-56.640625,-67.3828125
-65.91796875,-61.03515625,-52.24609375,-51.7578125
-46.875,-5.859375,-46.38671875,-35.15625
-36.1328125,-18.06640625,-43.45703125,-36.1328125
-45.41015625,-58.10546875,-41.9921875,-48.33984375
-59.5703125,-60.546875,-41.50390625,-46.875
-68.359375,-71.2890625,-48.33984375,-39.55078125
-55.6640625,-29.296875,-47.36328125,-41.015625
-38.0859375,-12.6953125,-40.0390625,-42.48046875
-45.41015625,-61.03515625,-40.52734375,-43.45703125
-61.03515625,-68.359375,-51.26953125,-46.38671875
-61.5234375,-62.98828125,-57.12890625,-42.48046875
-50.78125,-38.57421875,-41.9921875,-42.96875
-37.109375,-2.9296875,-35.64453125,-48.33984375
-39.55078125,-41.015625,-42.96875,-46.38671875
-56.640625,-99.609375,-50.29296875,-51.7578125
-63.4765625,-71.77734375,-50.78125,-46.38671875
-50.29296875,-16.6015625,-45.8984375,-37.109375
-44.921875,-33.69140625,-50.78125,-47.36328125
-46.38671875,-57.12890625,-56.15234375,-52.734375
-48.828125,-67.87109375,-59.08203125,-48.33984375
-59.5703125,-75.1953125,-53.22265625,-40.52734375
-53.7109375,-35.64453125,-47.36328125,-37.59765625
-39.0625,-3.41796875,-48.828125,-47.36328125
-38.57421875,-32.71484375,-46.875,-54.19921875
-53.22265625,-76.171875,-44.43359375,-57.6171875
-69.82421875,-74.21875,-44.921875,-56.640625
-65.91796875,-32.2265625,-48.33984375,-50.29296875
-46.38671875,-6.8359375,-48.33984375,-46.875
-41.50390625,-12.20703125,-46.38671875,-52.24609375
-50.78125,-48.828125,-45.41015625,-60.546875
-63.4765625,-87.40234375,-50.78125,-52.734375
-63.4765625,-46.38671875,-61.5234375,-49.8046875
-42.48046875,-6.34765625,-57.6171875,-53.22265625
-27.34375,-30.2734375,-42.96875,-46.875
-35.15625,-60.546875,-38.0859375,-50.78125
-53.22265625,-69.3359375,-44.921875,-56.640625
-60.05859375,-62.01171875,-49.31640625,-54.19921875
-37.109375,-22.94921875,-50.29296875,-44.921875
-21.97265625,-14.16015625,-44.43359375,-39.0625
-34.66796875,-62.5,-44.43359375,-48.33984375
-46.38671875,-63.4765625,-45.41015625,-46.875
-51.26953125,-52.24609375,-52.24609375,-41.50390625
-39.0625,-27.83203125,-60.546875,-41.9921875
-27.83203125,-19.53125,-53.7109375,-41.50390625
-40.0390625,-73.73046875,-48.828125,-48.828125
-61.5234375,-87.40234375,-56.640625,-55.17578125
-69.3359375,-57.6171875,-54.6875,-49.8046875
-47.8515625,-24.90234375,-44.921875,-38.57421875
-29.296875,-17.08984375,-41.9921875,-39.0625
-39.55078125,-59.5703125,-38.57421875,-41.9921875
-62.01171875,-85.44921875,-40.52734375,-43.45703125
-72.265625,-62.98828125,-44.43359375,-42.48046875
-56.640625,-2.44140625,-41.50390625,-41.015625
-39.0625,2.44140625,-40.52734375,-41.015625
-54.19921875,-75.1953125,-47.8515625,-51.26953125
-72.265625,-100.09765625,-52.734375,-62.01171875
-75.1953125,-69.82421875,-47.8515625,-57.6171875
-62.98828125,-20.01953125,-46.38671875,-48.33984375
-42.48046875,-2.44140625,-47.36328125,-46.875
-48.33984375,-57.12890625,-56.640625,-62.98828125
-59.5703125,-88.37890625,-60.546875,-71.77734375
-57.6171875,-56.640625,-54.19921875,-64.94140625
-46.38671875,-25.87890625,-59.08203125,-56.15234375
-27.83203125,-10.7421875,-60.546875,-48.828125
-25.390625,-15.625,-50.78125,-48.828125
-40.0390625,-75.68359375,-45.41015625,-51.7578125
-53.22265625,-85.44921875,-44.43359375,-45.8984375
-47.8515625,-31.73828125,-43.45703125,-40.52734375
-24.4140625,-7.32421875,-41.015625,-36.1328125
-18.06640625,-27.34375,-40.0390625,-36.1328125
-36.1328125,-67.87109375,-41.9921875,-43.45703125
-49.31640625,-81.54296875,-41.50390625,-39.0625
-45.8984375,-29.296875,-41.015625,-35.15625
-24.90234375,1.46484375,-46.38671875,-35.15625
-20.99609375,-35.64453125,-45.41015625,-35.15625
-36.1328125,-55.17578125,-40.52734375,-38.0859375
-50.29296875,-57.6171875,-40.0390625,-35.64453125
-52.734375,-48.828125,-36.62109375,-29.78515625
-39.0625,-19.04296875,-36.62109375,-29.78515625
-35.15625,-19.53125,-40.0390625,-35.15625
-43.45703125,-57.12890625,-41.50390625,-45.8984375
-51.26953125,-78.125,-40.0390625,-47.8515625
-55.6640625,-61.5234375,-41.50390625,-46.38671875
-45.41015625,-23.92578125,-45.8984375,-51.7578125
-32.2265625,-13.671875,-42.96875,-53.7109375
-30.76171875,-54.19921875,-38.57421875,-53.7109375
-41.9921875,-69.82421875,-40.52734375,-52.734375
-49.31640625,-31.73828125,-44.921875,-44.921875
-35.64453125,15.13671875,-43.45703125,-39.0625
-25.87890625,-0.48828125,-42.48046875,-42.48046875
-36.1328125,-68.84765625,-41.015625,-52.24609375
-55.6640625,-87.890625,-47.8515625,-56.15234375
-64.94140625,-61.5234375,-57.12890625,-48.828125
-51.26953125,-21.97265625,-45.8984375,-41.9921875
-32.71484375,-24.90234375,-36.62109375,-41.015625
-40.52734375,-51.26953125,-41.9921875,-52.24609375
-59.5703125,-64.94140625,-43.45703125,-51.26953125
-66.89453125,-63.4765625,-44.43359375,-46.875
-53.7109375,-25.390625,-50.78125,-47.8515625
-37.109375,-7.8125,-50.29296875,-44.921875
-38.57421875,-31.25,-49.31640625,-49.31640625
-56.640625,-86.42578125,-51.26953125,-56.640625
-76.171875,-83.984375,-54.19921875,-57.6171875
-60.546875,-24.4140625,-51.26953125,-50.29296875
-38.0859375,-22.94921875,-47.36328125,-46.875
-41.50390625,-51.7578125,-49.8046875,-55.17578125
-55.17578125,-72.75390625,-53.7109375,-65.91796875
-61.5234375,-62.98828125,-54.19921875,-58.10546875
-52.24609375,-41.015625,-48.33984375,-47.36328125
-37.109375,-21.484375,-45.41015625,-42.48046875
-31.25,-37.59765625,-44.921875,-41.50390625
-40.0390625,-76.66015625,-41.9921875,-38.0859375
-56.15234375,-55.6640625,-41.9921875,-31.25
-52.24609375,-18.5546875,-46.38671875,-30.76171875
-37.59765625,-40.52734375,-45.41015625,-33.69140625
-40.52734375,-52.24609375,-43.45703125,-35.64453125
-53.22265625,-81.0546875,-48.828125,-40.52734375
-64.94140625,-85.44921875,-46.875,-40.52734375
-63.96484375,-43.9453125,-44.43359375,-34.1796875
-48.33984375,-26.85546875,-45.41015625,-32.71484375
-40.0390625,-40.52734375,-46.38671875,-40.0390625
-53.7109375,-75.68359375,-42.48046875,-47.36328125
-65.91796875,-75.1953125,-33.69140625,-42.48046875
-66.40625,-46.38671875,-38.57421875,-35.15625
-52.734375,-2.44140625,-49.31640625,-34.1796875
-37.109375,-27.34375,-49.8046875,-42.96875
-41.9921875,-76.171875,-51.26953125,-49.8046875
-59.08203125,-68.359375,-49.8046875,-52.734375
-58.59375,-42.48046875,-48.828125,-52.734375
-39.0625,-10.25390625,-47.8515625,-49.8046875
-27.83203125,-16.6015625,-45.41015625,-54.19921875
-35.15625,-61.03515625,-50.78125,-58.59375
-50.29296875,-65.4296875,-53.7109375,-60.546875
-54.19921875,-42.96875,-47.8515625,-52.734375
-45.8984375,-28.3203125,-47.8515625,-44.43359375
-32.71484375,-19.53125,-53.22265625,-41.50390625
-34.66796875,-32.71484375,-55.17578125,-42.48046875
-55.17578125,-71.2890625,-54.6875,-51.7578125
-65.4296875,-83.49609375,-43.9453125,-46.38671875
-50.29296875,-37.59765625,-29.78515625,-37.109375
-32.71484375,-17.578125,-29.296875,-42.48046875
-37.59765625,-52.24609375,-37.109375,-46.38671875
-49.31640625,-83.0078125,-39.55078125,-48.33984375
-58.59375,-70.3125,-42.48046875,-49.8046875
-46.38671875,-30.2734375,-45.8984375,-39.55078125
-30.2734375,-9.27734375,-49.31640625,-40.52734375
-38.57421875,-40.0390625,-56.15234375,-52.734375
-56.640625,-79.58984375,-54.6875,-54.19921875
-67.3828125,-63.96484375,-46.38671875,-51.26953125
-60.05859375,-34.66796875,-41.9921875,-50.29296875
-45.8984375,-31.73828125,-41.015625,-45.41015625
-45.8984375,-51.26953125,-41.9921875,-51.26953125
-52.734375,-81.54296875,-40.0390625,-52.734375
-61.03515625,-83.0078125,-42.96875,-42.96875
-58.10546875,-37.59765625,-50.78125,-42.96875
-32.2265625,-1.953125,-48.33984375,-42.48046875
-28.80859375,-21.97265625,-47.8515625,-44.921875
-48.33984375,-61.5234375,-45.41015625,-54.6875
-63.96484375,-72.265625,-47.8515625,-56.15234375
-74.21875,-51.7578125,-60.546875,-56.640625
-55.6640625,-7.8125,-54.6875,-50.78125
-32.71484375,-26.3671875,-42.48046875,-44.43359375
-44.921875,-72.265625,-48.33984375,-52.734375
-75.68359375,-89.84375,-59.5703125,-58.59375
-76.66015625,-67.3828125,-59.5703125,-47.36328125
-44.921875,-13.18359375,-52.24609375,-37.59765625
-36.1328125,-18.5546875,-46.875,-40.0390625
-47.8515625,-55.17578125,-46.875,-52.24609375
-58.10546875,-68.84765625,-48.828125,-57.12890625
-58.59375,-41.9921875,-51.26953125,-53.22265625
-45.8984375,-18.5546875,-50.29296875,-56.640625
-34.66796875,-10.25390625,-48.828125,-59.5703125
-37.59765625,-28.80859375,-48.828125,-62.01171875
-52.24609375,-73.2421875,-48.828125,-64.94140625
-60.546875,-75.1953125,-48.33984375,-59.08203125
-44.43359375,-28.3203125,-40.52734375,-51.26953125
-26.3671875,-5.37109375,-36.1328125,-47.36328125
-31.73828125,-27.83203125,-38.0859375,-55.17578125
-50.29296875,-65.4296875,-38.0859375,-64.453125
-57.12890625,-72.265625,-38.57421875,-51.26953125
-45.8984375,-20.99609375,-44.43359375,-38.57421875
-36.62109375,0.0,-46.875,-39.55078125
-46.875,-48.33984375,-49.31640625,-47.8515625
-60.05859375,-81.0546875,-45.41015625,-50.78125
-63.96484375,-45.8984375,-40.0390625,-44.921875
-52.24609375,-17.578125,-35.64453125,-41.015625
-34.1796875,-20.99609375,-29.296875,-41.9921875
-38.57421875,-47.8515625,-35.64453125,-51.7578125
-49.31640625,-62.98828125,-40.0390625,-56.640625
-52.734375,-68.84765625,-45.8984375,-50.78125
-52.24609375,-47.8515625,-58.10546875,-49.8046875
-36.1328125,-11.23046875,-56.15234375,-43.9453125
-25.87890625,-38.0859375,-43.45703125,-47.8515625
-39.0625,-74.21875,-38.0859375,-56.15234375
-56.15234375,-86.9140625,-41.015625,-55.17578125
-57.6171875,-55.6640625,-46.875,-53.22265625
-35.15625,-8.30078125,-43.45703125,-48.33984375
-37.59765625,-38.0859375,-43.9453125,-58.10546875
-62.5,-86.42578125,-51.7578125,-68.359375
-76.171875,-90.33203125,-50.29296875,-65.91796875
-75.1953125,-50.78125,-56.15234375,-61.5234375
-62.01171875,-20.5078125,-67.3828125,-59.5703125
-56.15234375,-35.15625,-59.5703125,-53.7109375
-62.01171875,-68.84765625,-42.96875,-53.7109375
-76.66015625,-85.9375,-43.45703125,-56.640625
-80.078125,-56.640625,-49.8046875,-59.08203125
-59.08203125,-24.4140625,-45.8984375,-58.10546875
-44.921875,-24.4140625,-38.0859375,-48.33984375
-50.78125,-48.33984375,-42.48046875,-50.78125
-58.59375,-72.75390625,-50.78125,-57.6171875
-62.98828125,-75.1953125,-52.734375,-50.78125
-47.8515625,-29.296875,-49.31640625,-43.9453125
-32.71484375,-23.92578125,-43.9453125,-48.33984375
-38.0859375,-71.77734375,-42.48046875,-51.26953125
-52.734375,-75.1953125,-43.45703125,-51.7578125
-58.59375,-48.33984375,-42.96875,-48.828125
-45.8984375,-19.04296875,-43.9453125,-48.33984375
-34.1796875,-5.37109375,-45.8984375,-49.8046875
-41.015625,-57.12890625,-48.828125,-53.7109375
-53.7109375,-71.77734375,-51.26953125,-58.10546875
-60.546875,-44.43359375,-47.8515625,-55.17578125
-56.15234375,-36.62109375,-54.19921875,-52.24609375
-45.41015625,-33.69140625,-50.29296875,-54.19921875
-47.8515625,-52.24609375,-39.0625,-55.6640625
-67.3828125,-87.40234375,-47.36328125,-57.12890625
-81.0546875,-85.9375,-52.24609375,-55.6640625
-65.4296875,-25.390625,-53.22265625,-41.50390625
-42.96875,-1.953125,-44.43359375,-30.76171875
-45.41015625,-49.8046875,-42.48046875,-40.0390625
-55.6640625,-79.1015625,-46.38671875,-43.9453125
-62.98828125,-76.171875,-38.57421875,-34.66796875
-55.17578125,-10.7421875,-41.9921875,-33.203125
-30.76171875,18.06640625,-44.921875,-35.15625
-25.87890625,-38.0859375,-42.96875,-41.015625
-46.38671875,-77.1484375,-51.7578125,-53.7109375
-61.5234375,-83.0078125,-54.19921875,-57.12890625
-53.22265625,-39.55078125,-50.29296875,-50.78125
-37.59765625,-2.9296875,-51.26953125,-51.26953125
-36.1328125,-16.11328125,-56.640625,-60.546875
-51.7578125,-70.80078125,-61.03515625,-63.96484375
-69.82421875,-77.63671875,-53.22265625,-59.5703125
-71.2890625,-43.9453125,-47.8515625,-51.26953125
-51.7578125,-17.578125,-45.8984375,-46.875
-38.57421875,-5.859375,-43.45703125,-52.734375
-56.640625,-62.5,-45.41015625,-61.03515625
-69.82421875,-98.14453125,-38.0859375,-51.7578125
-61.5234375,-45.8984375,-36.62109375,-42.96875
-43.9453125,-7.8125,-43.9453125,-41.50390625
-36.1328125,-27.83203125,-45.8984375,-41.50390625
-44.921875,-68.359375,-39.55078125,-44.43359375
-54.19921875,-74.70703125,-38.0859375,-39.55078125
-59.08203125,-54.6875,-45.8984375,-34.1796875
-41.9921875,-9.765625,-47.8515625,-33.203125
-25.87890625,-4.8828125,-46.38671875,-37.109375
-35.15625,-61.03515625,-47.36328125,-48.828125
-52.734375,-62.98828125,-48.828125,-54.6875
-56.15234375,-15.13671875,-47.36328125,-48.828125
-48.33984375,-13.18359375,-46.875,-39.55078125
-37.109375,-27.34375,-43.9453125,-36.1328125
-40.0390625,-44.921875,-38.0859375,-44.43359375
-53.7109375,-76.171875,-42.48046875,-54.19921875
-62.5,-65.91796875,-43.9453125,-51.26953125
-55.17578125,-23.4375,-45.41015625,-48.33984375
-34.1796875,-8.30078125,-47.36328125,-40.52734375
-39.0625,-44.921875,-46.875,-37.109375
-60.546875,-77.63671875,-47.36328125,-45.8984375
-75.68359375,-71.77734375,-54.6875,-50.78125
-67.3828125,-32.71484375,-55.17578125,-44.921875
-43.45703125,-1.46484375,-41.9921875,-41.9921875
-45.41015625,-38.57421875,-40.0390625,-43.45703125
-63.96484375,-98.14453125,-50.29296875,-48.828125
-66.89453125,-99.12109375,-56.640625,-48.33984375
-49.8046875,-27.83203125,-48.33984375,-37.109375
-34.1796875,-10.7421875,-47.8515625,-33.203125
-35.15625,-37.109375,-51.7578125,-36.62109375
-43.9453125,-66.89453125,-51.7578125,-43.45703125
-52.734375,-81.54296875,-58.59375,-47.36328125
-49.31640625,-33.69140625,-58.10546875,-41.015625
-32.2265625,-10.25390625,-51.7578125,-36.62109375
-32.71484375,-37.109375,-52.24609375,-47.36328125
-46.38671875,-49.8046875,-48.33984375,-55.17578125
-60.546875,-71.77734375,-47.8515625,-50.29296875
-59.08203125,-49.31640625,-50.78125,-41.9921875
-32.71484375,2.9296875,-45.41015625,-37.109375
-26.3671875,-23.4375,-47.36328125,-35.64453125
-40.52734375,-67.87109375,-51.7578125,-43.45703125
-51.7578125,-77.1484375,-54.19921875,-49.31640625
-50.29296875,-34.1796875,-54.19921875,-41.015625
-37.59765625,-2.9296875,-57.6171875,-36.1328125
-29.78515625,-18.06640625,-60.05859375,-37.59765625
-37.109375,-56.15234375,-55.6640625,-42.96875
-55.6640625,-73.73046875,-53.7109375,-47.8515625
-62.01171875,-33.203125,-55.6640625,-44.43359375
-50.78125,-14.6484375,-57.6171875,-47.8515625
-45.8984375,-42.48046875,-52.24609375,-56.640625
-54.6875,-63.96484375,-50.29296875,-62.98828125
-69.82421875,-79.58984375,-55.17578125,-60.05859375
-71.2890625,-57.12890625,-49.8046875,-45.41015625
-51.7578125,-14.6484375,-46.875,-37.59765625
-42.48046875,-23.4375,-47.8515625,-41.9921875
-49.31640625,-62.01171875,-48.828125,-44.921875
-55.6640625,-77.63671875,-50.29296875,-42.48046875
-59.08203125,-62.5,-51.7578125,-38.57421875
-45.41015625,-20.99609375,-49.8046875,-43.45703125
-24.90234375,-1.953125,-42.48046875,-44.43359375
-35.15625,-67.87109375,-50.78125,-49.8046875
-57.6171875,-98.6328125,-56.15234375,-55.6640625
-61.03515625,-72.265625,-47.36328125,-47.36328125
-47.8515625,-26.3671875,-45.8984375,-37.59765625
-30.76171875,-7.32421875,-45.8984375,-34.1796875
-27.83203125,-41.015625,-38.0859375,-37.59765625
-42.96875,-78.61328125,-42.48046875,-44.921875
-58.10546875,-63.4765625,-51.7578125,-46.38671875
-46.875,-0.48828125,-42.96875,-35.15625
-30.2734375,-10.25390625,-32.2265625,-35.15625
-33.203125,-45.41015625,-38.57421875,-48.33984375
-50.78125,-69.82421875,-47.36328125,-55.6640625
-69.3359375,-89.35546875,-49.8046875,-52.24609375
-57.6171875,-49.31640625,-51.26953125,-44.921875
-37.59765625,-13.18359375,-46.38671875,-39.0625
-39.55078125,-30.76171875,-44.43359375,-38.0859375
-49.31640625,-66.89453125,-45.8984375,-45.41015625
-59.08203125,-59.5703125,-44.43359375,-46.38671875
-57.6171875,-24.4140625,-48.828125,-39.55078125
-45.41015625,-28.3203125,-53.7109375,-38.0859375
-35.64453125,-36.62109375,-49.8046875,-38.57421875
-41.50390625,-65.91796875,-39.0625,-44.43359375
-55.17578125,-79.1015625,-37.59765625,-46.875
-54.19921875,-34.66796875,-48.33984375,-38.57421875
-35.15625,-7.32421875,-54.6875,-36.62109375
-21.97265625,-35.15625,-50.29296875,-42.48046875
-39.0625,-80.078125,-41.50390625,-49.31640625
-61.03515625,-89.35546875,-47.8515625,-59.08203125
-60.546875,-53.22265625,-55.17578125,-52.24609375
-48.33984375,-15.13671875,-55.17578125,-45.41015625
-44.43359375,-29.78515625,-47.8515625,-50.29296875
-50.78125,-69.82421875,-44.921875,-60.05859375
-71.77734375,-79.58984375,-56.15234375,-62.01171875
-84.47265625,-61.03515625,-51.7578125,-46.875
-64.453125,-16.6015625,-39.0625,-39.55078125
-45.8984375,2.9296875,-38.0859375,-41.9921875
-58.10546875,-65.4296875,-50.78125,-56.15234375
-70.80078125,-88.37890625,-49.31640625,-62.5
-69.3359375,-62.01171875,-46.875,-52.24609375
-51.26953125,-29.78515625,-50.29296875,-40.0390625
-31.73828125,-2.44140625,-47.36328125,-32.2265625
-35.64453125,-45.8984375,-53.22265625,-34.66796875
-55.17578125,-71.77734375,-54.19921875,-44.43359375
-66.89453125,-54.6875,-43.9453125,-49.8046875
-55.6640625,-18.5546875,-39.0625,-45.41015625
-40.52734375,-15.625,-45.8984375,-45.8984375
-46.38671875,-55.6640625,-50.78125,-54.6875
-58.59375,-58.59375,-44.43359375,-55.17578125
-65.91796875,-73.2421875,-48.33984375,-53.7109375
-59.08203125,-49.8046875,-53.7109375,-56.15234375
-40.0390625,-23.4375,-50.29296875,-55.17578125
-36.1328125,-49.31640625,-43.45703125,-60.546875
-46.875,-72.265625,-37.59765625,-61.5234375
-61.03515625,-74.21875,-46.875,-59.08203125
-55.6640625,-43.45703125,-56.15234375,-56.15234375
-34.1796875,-31.73828125,-51.26953125,-50.78125
-38.0859375,-41.9921875,-51.7578125,-58.59375
-51.26953125,-68.359375,-58.10546875,-64.94140625
-61.5234375,-79.1015625,-61.5234375,-61.5234375
-56.640625,-29.296875,-62.01171875,-60.05859375
-36.62109375,-23.92578125,-50.29296875,-49.8046875
-37.109375,-57.6171875,-47.36328125,-48.33984375
-51.26953125,-82.51953125,-50.29296875,-61.5234375
-60.546875,-88.8671875,-53.22265625,-60.05859375
-62.01171875,-48.828125,-54.6875,-47.8515625
-46.875,-11.23046875,-54.19921875,-41.50390625
-41.015625,-31.25,-55.17578125,-44.921875
-52.24609375,-69.82421875,-51.26953125,-49.8046875
-59.5703125,-59.5703125,-52.734375,-53.7109375
-58.10546875,-53.7109375,-64.94140625,-46.38671875
-41.015625,-22.94921875,-62.01171875,-43.45703125
-29.78515625,3.90625,-48.828125,-51.7578125
-39.0625,-54.19921875,-42.96875,-52.734375
-55.6640625,-93.75,-40.52734375,-57.12890625
-60.546875,-55.6640625,-43.9453125,-55.17578125
-39.55078125,-15.625,-46.38671875,-50.29296875
-26.3671875,-10.7421875,-48.33984375,-47.8515625
-35.15625,-45.41015625,-48.828125,-48.33984375
-45.8984375,-67.87109375,-49.31640625,-50.78125
-51.26953125,-51.7578125,-47.8515625,-44.921875
-37.59765625,-15.625,-40.0390625,-38.57421875
-26.3671875,-20.01953125,-44.921875,-40.52734375
-30.76171875,-55.6640625,-45.8984375,-43.9453125
-40.0390625,-51.26953125,-40.0390625,-40.52734375
-55.6640625,-60.05859375,-42.48046875,-43.45703125
-54.19921875,-55.17578125,-46.875,-45.41015625
-30.76171875,-24.4140625,-47.36328125,-33.69140625
-35.15625,-54.19921875,-47.36328125,-44.43359375
-54.6875,-73.2421875,-42.48046875,-52.734375
-70.3125,-64.453125,-41.9921875,-45.8984375
-63.96484375,-34.66796875,-41.9921875,-41.015625
-38.57421875,-11.71875,-40.0390625,-33.69140625
-33.69140625,-43.45703125,-43.45703125,-40.52734375
-48.828125,-85.44921875,-49.31640625,-47.36328125
-57.12890625,-72.265625,-46.875,-40.52734375
-42.96875,-12.6953125,-42.48046875,-39.55078125
-30.2734375,-24.90234375,-43.9453125,-42.96875
-33.203125,-57.6171875,-37.59765625,-45.8984375
-42.96875,-64.94140625,-32.2265625,-44.921875
-55.17578125,-78.125,-42.48046875,-42.48046875
-58.10546875,-37.59765625,-53.7109375,-48.828125
-36.62109375,-1.46484375,-52.734375,-49.31640625
-28.80859375,-19.04296875,-47.8515625,-46.875
-51.7578125,-63.96484375,-51.26953125,-51.7578125
-62.98828125,-74.70703125,-52.734375,-54.6875
-61.5234375,-42.48046875,-44.921875,-55.17578125
-46.38671875,-7.32421875,-39.55078125,-58.10546875
-40.52734375,-6.34765625,-45.41015625,-62.5
-53.7109375,-69.3359375,-48.33984375,-65.91796875
-64.94140625,-89.84375,-49.8046875,-61.5234375
-64.94140625,-42.96875,-52.734375,-55.6640625
-44.43359375,-9.27734375,-49.31640625,-52.734375
-33.69140625,-18.5546875,-46.38671875,-52.734375
-43.45703125,-59.5703125,-50.29296875,-59.5703125
-55.17578125,-83.984375,-44.921875,-53.7109375
-59.08203125,-55.6640625,-41.50390625,-43.9453125
-42.96875,-14.16015625,-44.921875,-40.52734375
-28.80859375,-17.578125,-43.45703125,-40.0390625
-39.55078125,-51.7578125,-45.41015625,-44.43359375
-53.22265625,-60.05859375,-49.31640625,-43.45703125
-56.15234375,-48.828125,-46.875,-34.1796875
-47.36328125,-16.6015625,-43.45703125,-31.25
-40.52734375,-24.4140625,-50.78125,-41.50390625
-57.12890625,-85.9375,-60.05859375,-58.10546875
-69.3359375,-92.28515625,-51.26953125,-61.03515625
-61.03515625,-46.38671875,-38.0859375,-50.78125
-44.921875,-7.8125,-42.96875,-43.9453125
-33.69140625,-8.7890625,-49.8046875,-42.96875
-41.9921875,-37.109375,-46.875,-53.22265625
-58.10546875,-74.70703125,-48.33984375,-66.89453125
-62.01171875,-61.03515625,-44.921875,-62.5
-47.8515625,6.8359375,-37.59765625,-45.41015625
-36.1328125,-0.9765625,-41.50390625,-44.43359375
-41.015625,-57.12890625,-45.8984375,-54.19921875
-51.7578125,-76.66015625,-46.875,-56.15234375
-60.546875,-62.98828125,-45.8984375,-51.26953125
-55.17578125,-17.578125,-49.8046875,-40.52734375
-35.64453125,-5.859375,-54.19921875,-36.62109375
-32.71484375,-41.50390625,-52.734375,-45.8984375
-46.875,-72.75390625,-47.36328125,-52.24609375
-54.19921875,-68.84765625,-40.52734375,-46.38671875
-50.29296875,-26.3671875,-43.9453125,-44.921875
-38.57421875,-5.37109375,-47.36328125,-43.9453125
-40.52734375,-21.97265625,-41.50390625,-49.8046875
-54.19921875,-64.453125,-45.8984375,-60.546875
-63.96484375,-98.14453125,-49.31640625,-62.01171875
-63.96484375,-50.29296875,-50.29296875,-57.12890625
-47.8515625,-15.625,-51.7578125,-55.17578125
-42.48046875,-26.85546875,-49.31640625,-57.6171875
-53.7109375,-61.5234375,-49.8046875,-63.96484375
-62.01171875,-76.66015625,-48.33984375,-64.453125
-64.453125,-45.41015625,-50.78125,-58.59375
-46.38671875,-15.625,-51.7578125,-55.6640625
-33.203125,-20.99609375,-49.31640625,-56.15234375
-46.38671875,-54.6875,-53.22265625,-59.5703125
-61.5234375,-62.5,-52.24609375,-59.5703125
-60.05859375,-48.828125,-42.96875,-51.26953125
-40.0390625,-14.6484375,-41.9921875,-44.43359375
-35.15625,-17.578125,-45.41015625,-51.26953125
-51.7578125,-69.82421875,-47.36328125,-55.6640625
-62.98828125,-79.58984375,-47.36328125,-53.22265625
-65.91796875,-68.84765625,-55.17578125,-48.33984375
-55.6640625,-32.2265625,-60.05859375,-39.55078125
-39.55078125,-14.16015625,-48.828125,-37.109375
-38.0859375,-50.29296875,-41.50390625,-47.36328125
-49.31640625,-71.2890625,-42.96875,-47.8515625
-53.22265625,-52.734375,-43.45703125,-42.96875
-39.0625,-1.953125,-37.109375,-41.015625
-30.76171875,-15.625,-29.78515625,-41.015625
-37.59765625,-62.5,-32.2265625,-44.921875
-53.7109375,-76.171875,-42.96875,-53.22265625
-62.01171875,-72.265625,-47.36328125,-48.828125
-51.26953125,-12.20703125,-43.45703125,-39.0625
-41.015625,-9.27734375,-43.9453125,-42.96875
-46.38671875,-69.3359375,-46.38671875,-48.828125
-60.05859375,-85.9375,-46.875,-50.29296875
-66.40625,-80.078125,-49.8046875,-46.875
-56.15234375,-38.0859375,-49.31640625,-43.9453125
-41.015625,-12.6953125,-43.9453125,-46.875
-45.8984375,-25.390625,-48.33984375,-53.7109375
-63.96484375,-73.2421875,-50.78125,-60.546875
-75.68359375,-97.65625,-49.8046875,-62.01171875
-66.89453125,-44.921875,-56.640625,-59.08203125
-46.38671875,-14.16015625,-46.38671875,-50.78125
-47.8515625,-36.1328125,-45.8984375,-54.19921875
-61.03515625,-73.2421875,-50.29296875,-60.546875
-66.40625,-76.66015625,-44.921875,-50.78125
-62.98828125,-14.6484375,-45.8984375,-41.9921875
-45.8984375,-0.9765625,-44.921875,-41.50390625
-50.78125,-53.22265625,-46.875,-61.5234375
-71.77734375,-74.70703125,-50.78125,-83.49609375
-80.078125,-65.4296875,-50.29296875,-83.984375
-87.890625,-46.38671875,-52.734375,-83.49609375
-74.70703125,-28.3203125,-52.24609375,-81.0546875
-68.359375,-24.90234375,-48.33984375,-86.9140625
-90.33203125,-62.5,-49.8046875,-104.98046875
-115.234375,-90.8203125,-53.7109375,-115.72265625
-119.140625,-54.19921875,-49.31640625,-111.328125
-103.02734375,-7.8125,-38.0859375,-107.421875
-98.6328125,-22.4609375,-31.25,-108.3984375
-112.79296875,-61.03515625,-25.87890625,-114.74609375
-139.16015625,-80.56640625,-21.97265625,-132.8125
-142.08984375,-46.38671875,-23.4375,-129.39453125
-128.41796875,8.7890625,-26.3671875,-122.0703125
-128.90625,-26.3671875,-34.1796875,-129.39453125
-133.30078125,-82.03125,-35.15625,-137.20703125
-136.71875,-82.03125,-28.80859375,-130.37109375
-143.06640625,-69.3359375,-29.296875,-118.1640625
-131.34765625,-29.296875,-32.71484375,-118.1640625
-107.91015625,-12.20703125,-26.85546875,-113.28125
-101.5625,-48.828125,-13.18359375,-108.88671875
-113.76953125,-69.3359375,-11.23046875,-106.93359375
-124.51171875,-58.10546875,-24.90234375,-103.515625
-106.93359375,-16.6015625,-28.80859375,-104.98046875
-77.1484375,1.46484375,-21.97265625,-94.23828125
-81.0546875,-22.4609375,-29.78515625,-98.6328125
-97.16796875,-80.56640625,-44.921875,-110.3515625
-96.19140625,-78.61328125,-43.9453125,-92.7734375
-79.58984375,-22.94921875,-40.0390625,-82.03125
-59.5703125,-18.5546875,-40.0390625,-78.61328125
-56.15234375,-42.96875,-36.62109375,-72.75390625
-63.4765625,-80.078125,-33.203125,-68.359375
-81.0546875,-86.42578125,-36.62109375,-66.89453125
-84.9609375,-36.62109375,-43.45703125,-64.453125
-62.5,-6.8359375,-38.57421875,-53.7109375
-58.59375,-52.734375,-38.0859375,-51.7578125
-72.265625,-73.2421875,-42.48046875,-58.59375
-76.66015625,-63.4765625,-43.9453125,-57.6171875
-65.91796875,-52.24609375,-48.33984375,-51.26953125
-40.52734375,-35.64453125,-47.8515625,-42.48046875
-29.78515625,-43.9453125,-44.43359375,-42.48046875
-40.52734375,-74.21875,-40.52734375,-49.8046875
-51.7578125,-74.21875,-38.0859375,-43.9453125
-44.43359375,-22.4609375,-43.9453125,-31.25
-33.203125,-18.5546875,-55.17578125,-41.015625
-29.78515625,-43.45703125,-55.6640625,-49.8046875
-32.2265625,-64.94140625,-54.19921875,-48.828125
-46.38671875,-89.35546875,-56.640625,-45.41015625
-50.78125,-33.69140625,-54.19921875,-32.2265625
-36.62109375,13.671875,-51.26953125,-30.76171875
-34.1796875,-37.59765625,-50.29296875,-36.62109375
-49.31640625,-76.66015625,-54.19921875,-43.45703125
-61.5234375,-78.61328125,-54.6875,-44.921875
-60.05859375,-50.78125,-58.59375,-36.1328125
-39.55078125,-12.20703125,-57.12890625,-25.390625
-34.66796875,-19.04296875,-54.6875,-32.2265625
-39.55078125,-64.94140625,-55.6640625,-35.64453125
-40.0390625,-77.63671875,-51.7578125,-25.390625
-39.55078125,-56.640625,-45.8984375,-22.4609375
-24.90234375,-31.25,-48.828125,-16.11328125
-15.13671875,-17.08984375,-53.7109375,-13.18359375
-17.08984375,-45.41015625,-54.6875,-31.73828125
-27.34375,-84.47265625,-56.15234375,-40.0390625
-35.15625,-77.63671875,-54.19921875,-28.3203125
-23.4375,-17.578125,-53.7109375,-25.390625
-9.27734375,-1.953125,-52.734375,-28.80859375
-11.71875,-44.921875,-52.734375,-28.80859375
-28.3203125,-78.61328125,-54.6875,-32.2265625
-41.9921875,-77.1484375,-56.15234375,-31.25
-32.71484375,-28.80859375,-57.12890625,-26.3671875
-12.6953125,-13.18359375,-59.08203125,-24.4140625
-14.16015625,-44.43359375,-61.03515625,-29.78515625
-30.2734375,-82.03125,-60.05859375,-30.76171875
-40.52734375,-60.546875,-61.03515625,-22.4609375
-32.71484375,-19.53125,-62.01171875,-20.5078125
-27.83203125,-54.6875,-66.40625,-29.296875
-25.390625,-65.4296875,-62.5,-29.78515625
-17.08984375,-59.08203125,-56.15234375,-17.578125
-22.94921875,-63.4765625,-58.10546875,-15.13671875
-21.97265625,-38.57421875,-51.7578125,-13.18359375
-2.44140625,-17.578125,-44.921875,-13.18359375
-1.46484375,-32.71484375,-46.38671875,-20.01953125
-16.6015625,-68.359375,-46.38671875,-22.94921875
-30.2734375,-74.21875,-50.78125,-24.4140625
-29.296875,-40.0390625,-59.08203125,-27.83203125
-10.7421875,0.9765625,-55.6640625,-28.3203125
-0.9765625,-27.34375,-47.8515625,-30.76171875
-19.53125,-81.54296875,-47.36328125,-35.64453125
-39.55078125,-77.1484375,-51.26953125,-35.15625
-37.109375,-57.6171875,-56.15234375,-26.3671875
-29.78515625,-22.4609375,-57.6171875,-25.390625
-24.4140625,-24.90234375,-52.734375,-26.85546875
-26.85546875,-65.4296875,-49.8046875,-28.3203125
-36.1328125,-77.1484375,-51.7578125,-23.92578125
-41.015625,-62.98828125,-58.10546875,-25.87890625
-27.34375,-24.4140625,-58.10546875,-31.25
-17.578125,-12.6953125,-56.640625,-31.25
-22.4609375,-48.828125,-49.8046875,-34.1796875
-40.52734375,-93.26171875,-46.38671875,-36.1328125
-54.19921875,-83.49609375,-49.8046875,-33.203125
-32.2265625,-22.4609375,-48.33984375,-28.80859375
-18.06640625,-10.25390625,-49.8046875,-31.25
-26.85546875,-46.38671875,-52.734375,-33.203125
-32.71484375,-69.3359375,-56.15234375,-35.64453125
-38.0859375,-69.82421875,-59.08203125,-35.15625
-29.296875,-23.4375,-55.17578125,-24.4140625
-13.18359375,-4.39453125,-50.29296875,-28.3203125
-20.01953125,-53.22265625,-51.7578125,-45.8984375
-32.2265625,-76.171875,-56.640625,-46.875
-39.55078125,-46.38671875,-62.01171875,-41.015625
-35.64453125,-33.69140625,-59.08203125,-42.96875
-23.92578125,-36.62109375,-54.19921875,-47.8515625
-24.4140625,-46.875,-49.8046875,-46.875
-42.96875,-87.40234375,-52.24609375,-54.19921875
-57.12890625,-84.47265625,-58.59375,-52.734375
-50.29296875,-32.2265625,-52.24609375,-41.9921875
-30.76171875,-18.5546875,-47.36328125,-31.73828125
-34.1796875,-41.015625,-48.33984375,-34.1796875
-49.8046875,-63.96484375,-42.48046875,-44.921875
-52.24609375,-82.03125,-40.52734375,-34.66796875
-43.45703125,-35.15625,-43.45703125,-27.83203125
-20.99609375,10.25390625,-40.0390625,-28.3203125
-19.04296875,-37.59765625,-41.9921875,-32.2265625
-35.64453125,-74.21875,-41.015625,-41.50390625
-54.19921875,-74.21875,-41.50390625,-49.8046875
-59.5703125,-44.921875,-49.31640625,-54.19921875
-48.33984375,-8.7890625,-47.8515625,-49.8046875
-47.36328125,-20.01953125,-41.015625,-49.8046875
-62.5,-66.89453125,-43.9453125,-57.12890625
-73.2421875,-89.84375,-47.8515625,-56.640625
-66.89453125,-52.24609375,-44.921875,-50.78125
-47.8515625,-18.06640625,-39.0625,-41.50390625
-40.0390625,-32.2265625,-44.43359375,-45.8984375
-52.734375,-54.6875,-45.8984375,-52.734375
-69.3359375,-71.77734375,-43.9453125,-56.15234375
-71.77734375,-56.640625,-44.921875,-54.19921875
-61.5234375,-23.92578125,-43.9453125,-50.78125
-57.6171875,-25.390625,-44.43359375,-59.08203125
-61.5234375,-60.546875,-42.96875,-70.80078125
-75.68359375,-81.54296875,-40.0390625,-72.75390625
-83.0078125,-54.19921875,-38.57421875,-65.91796875
-72.75390625,-14.16015625,-39.55078125,-76.171875
-64.453125,-8.7890625,-37.109375,-84.47265625
-78.125,-46.38671875,-33.69140625,-91.796875
-99.12109375,-57.12890625,-31.73828125,-103.02734375
-106.93359375,-30.2734375,-27.83203125,-103.02734375
-113.76953125,-21.97265625,-23.92578125,-111.81640625
-118.65234375,-9.765625,-20.99609375,-124.51171875
-122.0703125,-37.109375,-23.92578125,-137.6953125
-145.5078125,-83.984375,-29.78515625,-147.94921875
-152.83203125,-66.89453125,-32.71484375,-140.625
-139.6484375,-15.625,-28.80859375,-137.20703125
-130.37109375,0.48828125,-17.578125,-139.16015625
-127.9296875,-44.43359375,-7.8125,-133.7890625
-139.6484375,-74.21875,1.46484375,-135.7421875
-148.4375,-64.94140625,-9.27734375,-133.7890625
-140.13671875,-21.484375,-24.4140625,-125.48828125
-118.1640625,5.37109375,-26.3671875,-118.1640625
-104.4921875,-43.45703125,-29.78515625,-111.328125
-115.72265625,-94.7265625,-28.3203125,-112.79296875
-120.60546875,-75.68359375,-30.76171875,-97.65625
-94.23828125,-29.296875,-41.9921875,-79.1015625
-62.98828125,-3.90625,-43.45703125,-72.265625
-58.10546875,-16.11328125,-39.55078125,-72.265625
-62.5,-71.2890625,-42.48046875,-67.3828125
-71.77734375,-84.47265625,-41.50390625,-60.05859375
-75.1953125,-43.45703125,-44.43359375,-57.6171875
-51.26953125,-21.484375,-48.33984375,-52.24609375
-33.69140625,-30.2734375,-46.38671875,-45.8984375
-40.52734375,-46.38671875,-51.26953125,-44.921875
-54.6875,-81.54296875,-57.6171875,-47.36328125
-54.6875,-66.89453125,-62.98828125,-41.50390625
-30.2734375,-23.92578125,-64.453125,-30.76171875
-18.06640625,-29.296875,-65.91796875,-27.83203125
-28.3203125,-64.453125,-62.98828125,-31.73828125
-35.64453125,-80.56640625,-60.546875,-28.3203125
-34.1796875,-57.12890625,-62.5,-20.99609375
-17.08984375,-22.94921875,-61.03515625,-14.6484375
-9.765625,-16.11328125,-65.91796875,-20.01953125
-29.78515625,-81.0546875,-78.125,-34.1796875
-40.52734375,-97.65625,-75.1953125,-29.78515625
-31.73828125,-50.78125,-65.91796875,-17.578125
-14.16015625,-30.2734375,-64.453125,-13.18359375
-1.46484375,-40.0390625,-61.03515625,-8.7890625
-5.859375,-61.5234375,-58.10546875,-15.13671875
-18.5546875,-81.0546875,-56.640625,-17.08984375
-21.97265625,-70.80078125,-53.7109375,1.46484375
-1.953125,-23.92578125,-48.33984375,6.8359375
10.25390625,-15.625,-48.33984375,1.46484375
-2.9296875,-51.26953125,-60.05859375,-7.8125
-20.99609375,-86.9140625,-65.91796875,-11.71875
-29.78515625,-88.37890625,-58.10546875,-8.30078125
-18.06640625,-29.78515625,-51.7578125,-9.765625
1.46484375,3.41796875,-42.48046875,-2.9296875
-3.90625,-44.921875,-45.8984375,-11.23046875
-25.390625,-104.00390625,-62.01171875,-28.3203125
-38.57421875,-87.890625,-62.01171875,-24.4140625
-32.2265625,-37.109375,-60.546875,-20.5078125
-21.97265625,-26.3671875,-68.359375,-30.2734375
-20.01953125,-45.8984375,-63.4765625,-32.71484375
-26.3671875,-74.21875,-61.5234375,-32.71484375
-40.52734375,-78.61328125,-64.453125,-24.90234375
-31.25,-37.59765625,-62.01171875,-10.25390625
-5.37109375,-10.25390625,-62.01171875,-12.20703125
-1.953125,-23.4375,-53.7109375,-16.6015625
-12.6953125,-45.41015625,-54.19921875,-16.11328125
-28.3203125,-79.58984375,-61.5234375,-15.13671875
-29.296875,-52.24609375,-62.5,-16.6015625
-12.20703125,-3.90625,-58.59375,-16.11328125
-22.4609375,-42.48046875,-67.87109375,-23.92578125
-35.15625,-81.54296875,-68.84765625,-29.78515625
-35.15625,-75.1953125,-62.5,-28.3203125
-38.0859375,-42.48046875,-69.82421875,-24.4140625
-25.87890625,-4.8828125,-62.5,-22.4609375
-18.5546875,-17.08984375,-47.36328125,-27.34375
-28.3203125,-61.03515625,-42.96875,-29.78515625
-48.828125,-69.82421875,-41.015625,-37.109375
-50.78125,-37.109375,-40.0390625,-34.66796875
-31.73828125,-30.76171875,-45.41015625,-33.69140625
-21.97265625,-41.50390625,-45.41015625,-36.62109375
-28.3203125,-62.01171875,-46.38671875,-39.55078125
-37.59765625,-78.125,-53.7109375,-42.96875
-37.109375,-52.734375,-57.12890625,-35.15625
-21.484375,-14.6484375,-60.05859375,-28.3203125
-11.71875,-30.2734375,-57.12890625,-32.71484375
-16.6015625,-66.89453125,-50.78125,-34.66796875
-32.2265625,-80.078125,-52.24609375,-38.57421875
-37.109375,-62.98828125,-49.31640625,-30.76171875
-26.3671875,-21.484375,-47.36328125,-23.92578125
-16.11328125,-4.39453125,-46.875,-32.2265625
-24.4140625,-58.59375,-45.41015625,-39.55078125
-45.41015625,-97.65625,-53.22265625,-42.48046875
-56.640625,-83.0078125,-54.6875,-44.43359375
-50.29296875,-32.71484375,-53.22265625,-43.9453125
-31.73828125,-19.04296875,-53.22265625,-47.36328125
-38.0859375,-51.26953125,-59.5703125,-56.640625
-57.12890625,-85.44921875,-67.87109375,-63.4765625
-60.546875,-77.1484375,-60.546875,-57.12890625
-47.36328125,-24.4140625,-52.734375,-43.45703125
-25.87890625,-20.99609375,-51.7578125,-33.69140625
-31.25,-49.31640625,-51.7578125,-41.9921875
-47.8515625,-66.89453125,-48.33984375,-48.828125
-49.31640625,-76.66015625,-41.50390625,-35.15625
-40.52734375,-35.64453125,-38.57421875,-27.34375
-20.5078125,-6.34765625,-37.59765625,-27.34375
-20.5078125,-31.73828125,-42.96875,-35.15625
-39.0625,-66.40625,-50.29296875,-43.45703125
-49.8046875,-67.87109375,-52.24609375,-46.38671875
-41.50390625,-24.90234375,-45.8984375,-41.50390625
-25.87890625,-8.7890625,-39.55078125,-36.62109375
-22.94921875,-21.484375,-37.59765625,-39.0625
-35.15625,-56.640625,-41.50390625,-44.921875
-52.734375,-65.91796875,-43.45703125,-48.828125
-49.8046875,-23.4375,-43.9453125,-41.015625
-32.71484375,-15.625,-47.36328125,-40.0390625
-34.66796875,-58.59375,-49.8046875,-48.828125
-48.828125,-78.125,-48.33984375,-55.6640625
-64.453125,-84.9609375,-45.8984375,-56.15234375
-64.94140625,-52.734375,-47.36328125,-47.36328125
-48.33984375,-19.04296875,-57.6171875,-45.8984375
-44.43359375,-37.109375,-61.03515625,-50.78125
-43.9453125,-66.89453125,-53.7109375,-53.7109375
-51.26953125,-78.125,-52.24609375,-51.26953125
-61.5234375,-52.24609375,-57.12890625,-52.24609375
-44.43359375,-11.71875,-55.6640625,-53.7109375
-24.4140625,11.23046875,-51.26953125,-51.7578125
-32.71484375,-59.5703125,-47.36328125,-58.59375
-54.19921875,-94.23828125,-47.36328125,-61.03515625
-57.6171875,-39.55078125,-47.8515625,-49.8046875
-41.9921875,-19.53125,-48.33984375,-43.9453125
-34.1796875,-38.57421875,-52.734375,-49.31640625
-56.15234375,-74.21875,-58.10546875,-62.5
-67.87109375,-75.68359375,-53.7109375,-56.15234375
-58.59375,-52.24609375,-56.640625,-39.55078125
-47.8515625,-20.5078125,-55.6640625,-34.1796875
-36.1328125,-11.23046875,-43.9453125,-35.15625
-42.96875,-43.45703125,-40.0390625,-41.015625
-54.19921875,-65.4296875,-42.48046875,-43.45703125
-55.6640625,-76.66015625,-45.41015625,-41.50390625
-50.78125,-34.1796875,-46.875,-39.0625
-32.2265625,-11.71875,-38.57421875,-36.62109375
-35.15625,-53.22265625,-38.57421875,-41.50390625
-55.6640625,-68.84765625,-49.8046875,-47.36328125
-62.01171875,-59.5703125,-49.8046875,-40.52734375
-55.17578125,-33.203125,-44.43359375,-32.71484375
-37.109375,-5.859375,-38.0859375,-32.2265625
-31.73828125,-30.76171875,-32.71484375,-34.1796875
-45.8984375,-74.21875,-37.109375,-38.57421875
-57.6171875,-67.87109375,-40.0390625,-44.43359375
-56.15234375,-21.484375,-37.109375,-39.55078125
-45.41015625,-35.15625,-44.43359375,-40.0390625
-35.64453125,-41.9921875,-45.41015625,-40.52734375
-40.0390625,-59.5703125,-46.875,-39.0625
-53.22265625,-83.49609375,-54.19921875,-41.50390625
-49.8046875,-21.484375,-49.31640625,-35.64453125
-30.2734375,9.765625,-43.45703125,-29.296875
-25.390625,-32.71484375,-41.9921875,-27.34375
-35.15625,-62.98828125,-40.0390625,-32.2265625
-48.33984375,-65.91796875,-41.015625,-39.0625
-52.734375,-54.6875,-48.33984375,-37.109375
-38.57421875,-11.71875,-52.24609375,-33.69140625
-27.34375,-2.44140625,-46.875,-36.62109375
-36.62109375,-67.87109375,-49.8046875,-41.50390625
-54.19921875,-94.7265625,-48.33984375,-41.50390625
-52.734375,-62.01171875,-33.69140625,-35.64453125
-37.109375,-22.94921875,-36.62109375,-33.69140625
-35.15625,-32.71484375,-49.31640625,-44.43359375
-41.50390625,-64.94140625,-52.734375,-50.78125
-55.6640625,-81.0546875,-51.26953125,-48.828125
-60.05859375,-64.94140625,-46.875,-46.875
-49.31640625,-20.5078125,-43.9453125,-41.50390625
-35.64453125,-25.87890625,-39.0625,-44.921875
-36.1328125,-62.01171875,-38.57421875,-59.5703125
-52.24609375,-65.4296875,-41.50390625,-59.5703125
-58.10546875,-59.5703125,-46.875,-49.8046875
-50.78125,-45.8984375,-47.36328125,-44.43359375
-41.015625,-40.0390625,-45.41015625,-48.33984375
-41.9921875,-51.26953125,-49.31640625,-54.6875
-55.6640625,-77.1484375,-58.59375,-55.6640625
-56.15234375,-71.77734375,-57.6171875,-53.22265625
-45.8984375,-17.578125,-48.828125,-47.8515625
-38.0859375,-21.97265625,-47.8515625,-47.8515625
-36.1328125,-55.6640625,-43.45703125,-45.8984375
-52.734375,-67.87109375,-44.43359375,-50.29296875
-66.40625,-69.3359375,-47.8515625,-48.33984375
-54.19921875,-11.23046875,-48.828125,-39.0625
-35.64453125,-19.04296875,-48.33984375,-44.43359375
-39.55078125,-50.78125,-43.9453125,-53.22265625
-50.29296875,-66.89453125,-45.41015625,-54.6875
-52.734375,-87.890625,-43.45703125,-46.38671875
-46.38671875,-30.2734375,-38.0859375,-37.109375
-27.34375,-7.32421875,-37.59765625,-32.2265625
-20.5078125,-38.0859375,-34.1796875,-32.2265625
-40.0390625,-73.2421875,-38.57421875,-36.62109375
-53.7109375,-81.0546875,-43.9453125,-31.73828125
-45.8984375,-34.1796875,-41.9921875,-26.3671875
-29.78515625,-5.859375,-37.59765625,-23.4375
-20.01953125,-13.671875,-39.55078125,-28.80859375
-32.71484375,-67.3828125,-41.015625,-36.1328125
-50.29296875,-98.6328125,-40.52734375,-41.015625
-56.15234375,-54.6875,-48.828125,-47.8515625
-38.0859375,-20.99609375,-48.33984375,-44.921875
-32.2265625,-20.01953125,-43.9453125,-43.9453125
-52.734375,-54.19921875,-41.015625,-52.734375
-62.5,-87.40234375,-47.8515625,-50.78125
-60.546875,-54.19921875,-55.6640625,-44.43359375
-46.38671875,1.953125,-52.734375,-40.0390625
-37.109375,-20.01953125,-46.875,-42.48046875
-48.828125,-73.73046875,-44.43359375,-59.08203125
-57.6171875,-56.15234375,-46.875,-57.12890625
-50.29296875,-52.24609375,-47.8515625,-40.0390625
-36.62109375,-49.8046875,-44.921875,-37.59765625
-28.80859375,-20.01953125,-46.38671875,-39.55078125
-35.15625,-47.36328125,-48.828125,-44.43359375
-49.8046875,-80.078125,-51.7578125,-48.33984375
-60.05859375,-70.3125,-52.24609375,-47.8515625
-48.33984375,-28.80859375,-44.921875,-46.875
-32.2265625,-4.8828125,-39.55078125,-40.52734375
-38.57421875,-45.41015625,-40.52734375,-44.43359375
-56.15234375,-105.95703125,-44.921875,-56.15234375
-67.3828125,-71.77734375,-45.8984375,-52.734375
-58.10546875,-6.8359375,-42.96875,-49.8046875
-42.48046875,-23.92578125,-48.33984375,-52.24609375
-48.828125,-76.66015625,-60.05859375,-61.03515625
-62.01171875,-89.84375,-58.59375,-62.01171875
-67.3828125,-67.3828125,-54.19921875,-51.26953125
-56.640625,-28.3203125,-54.6875,-46.875
-37.59765625,-5.859375,-51.7578125,-48.33984375
-37.59765625,-33.69140625,-46.875,-53.22265625
-52.24609375,-77.1484375,-41.015625,-54.6875
-60.546875,-66.89453125,-40.0390625,-52.734375
-50.29296875,-24.4140625,-46.38671875,-46.38671875
-33.203125,-1.46484375,-45.8984375,-43.9453125
-32.2265625,-11.71875,-42.96875,-48.33984375
-52.734375,-74.21875,-57.12890625,-59.08203125
-70.80078125,-108.3984375,-67.3828125,-56.640625
-58.10546875,-46.38671875,-56.15234375,-40.52734375
-37.109375,-6.34765625,-47.8515625,-39.0625
-35.64453125,-33.203125,-47.8515625,-47.8515625
-46.875,-76.171875,-45.8984375,-53.22265625
-59.5703125,-78.61328125,-45.41015625,-50.78125
-60.546875,-32.2265625,-50.29296875,-46.38671875
-49.8046875,-13.18359375,-53.7109375,-47.8515625
-43.9453125,-35.15625,-58.10546875,-51.7578125
-49.31640625,-69.3359375,-60.546875,-49.8046875
-62.5,-64.453125,-64.453125,-41.50390625
-63.4765625,-50.78125,-63.4765625,-35.64453125
-42.48046875,-18.06640625,-55.6640625,-36.1328125
-28.80859375,-9.27734375,-55.6640625,-38.0859375
-40.52734375,-72.75390625,-59.08203125,-46.38671875
-54.19921875,-82.51953125,-53.7109375,-48.828125
-57.6171875,-44.921875,-47.36328125,-47.8515625
-43.45703125,-10.7421875,-47.36328125,-49.31640625
-29.78515625,-17.08984375,-44.921875,-43.45703125
-42.48046875,-53.22265625,-47.8515625,-43.45703125
-57.12890625,-73.73046875,-53.7109375,-46.38671875
-58.10546875,-53.22265625,-57.12890625,-36.62109375
-42.48046875,-1.46484375,-53.22265625,-30.2734375
-28.80859375,-5.37109375,-41.015625,-35.15625
-40.0390625,-65.91796875,-41.50390625,-43.45703125
-57.12890625,-88.37890625,-49.31640625,-50.29296875
-66.40625,-82.51953125,-53.22265625,-45.8984375
-57.12890625,-25.87890625,-53.7109375,-44.43359375
-40.52734375,12.20703125,-51.7578125,-41.50390625
-42.48046875,-46.875,-50.78125,-48.828125
-58.10546875,-79.58984375,-51.7578125,-62.01171875
-67.3828125,-69.82421875,-54.6875,-57.12890625
-51.26953125,-23.92578125,-50.78125,-42.96875
-28.80859375,2.44140625,-39.55078125,-38.0859375
-32.2265625,-30.76171875,-38.57421875,-41.9921875
-49.8046875,-81.54296875,-44.43359375,-44.43359375
-58.59375,-83.49609375,-46.38671875,-41.50390625
-45.41015625,-31.73828125,-51.26953125,-39.0625
-30.2734375,-11.71875,-53.7109375,-44.921875
-28.3203125,-33.203125,-48.33984375,-45.8984375
-41.9921875,-68.359375,-53.7109375,-51.26953125
-56.15234375,-86.42578125,-53.7109375,-45.8984375
-50.29296875,-38.0859375,-41.9921875,-31.73828125
-37.109375,-4.8828125,-36.1328125,-37.59765625
-37.59765625,-45.41015625,-36.1328125,-45.8984375
-52.24609375,-69.3359375,-41.9921875,-47.36328125
-65.4296875,-57.6171875,-50.78125,-43.9453125
-62.5,-48.828125,-51.7578125,-44.921875
-49.31640625,-33.203125,-49.8046875,-46.38671875
-41.015625,-27.83203125,-51.26953125,-46.875
-47.36328125,-68.84765625,-48.828125,-54.19921875
-59.08203125,-71.77734375,-43.9453125,-53.7109375
-58.10546875,-36.1328125,-50.29296875,-50.78125
-36.62109375,-11.71875,-49.8046875,-41.015625
-22.4609375,-21.97265625,-47.36328125,-41.9921875
-32.71484375,-60.05859375,-48.828125,-48.828125
-51.7578125,-78.125,-49.31640625,-44.43359375
-48.33984375,-38.57421875,-47.8515625,-33.203125
-27.34375,16.11328125,-48.33984375,-23.4375
-20.5078125,-8.30078125,-48.828125,-27.83203125
-33.203125,-82.51953125,-49.8046875,-41.015625
-55.6640625,-96.19140625,-51.7578125,-49.31640625
-61.03515625,-56.15234375,-55.17578125,-42.96875
-46.875,-19.53125,-51.26953125,-40.0390625
-39.0625,-21.97265625,-43.9453125,-48.828125
-43.9453125,-62.01171875,-41.015625,-51.7578125
-60.05859375,-75.68359375,-44.43359375,-55.6640625
-63.96484375,-62.01171875,-43.45703125,-50.78125
-49.8046875,-35.64453125,-39.55078125,-43.9453125
-37.109375,-15.13671875,-44.43359375,-40.52734375
-41.50390625,-31.25,-44.921875,-40.0390625
-52.24609375,-85.9375,-43.45703125,-43.45703125
-58.10546875,-78.125,-43.45703125,-36.1328125
-57.12890625,-23.4375,-46.38671875,-32.2265625
-43.45703125,-19.53125,-41.9921875,-35.64453125
-43.9453125,-37.109375,-34.66796875,-43.9453125
-69.82421875,-83.0078125,-42.96875,-56.640625
-83.0078125,-81.54296875,-51.26953125,-58.10546875
-64.453125,-18.06640625,-44.43359375,-45.8984375
-48.828125,-1.953125,-38.57421875,-42.48046875
-46.38671875,-37.109375,-38.57421875,-48.33984375
-54.6875,-69.3359375,-38.57421875,-50.78125
-62.98828125,-60.546875,-45.41015625,-44.921875
-57.6171875,-45.8984375,-49.8046875,-40.52734375
-41.50390625,-30.2734375,-48.33984375,-36.62109375
-36.62109375,-28.80859375,-43.9453125,-40.52734375
-49.8046875,-69.3359375,-42.96875,-47.36328125
-60.546875,-68.359375,-44.921875,-42.96875
-59.08203125,-33.203125,-43.45703125,-42.48046875
-39.0625,-28.3203125,-43.45703125,-39.55078125
-20.01953125,-34.1796875,-42.96875,-32.71484375
-43.45703125,-76.171875,-52.734375,-48.828125
-68.84765625,-90.33203125,-60.05859375,-60.546875
-62.98828125,-44.43359375,-48.33984375,-51.7578125
-45.8984375,5.859375,-37.109375,-35.64453125
-39.55078125,-27.83203125,-41.9921875,-39.0625
-58.59375,-82.51953125,-50.78125,-62.01171875
-71.77734375,-77.63671875,-47.8515625,-63.4765625
-70.80078125,-50.29296875,-43.9453125,-56.15234375
-45.8984375,-16.6015625,-46.875,-51.7578125
-33.69140625,-5.37109375,-53.22265625,-51.26953125
-48.828125,-52.734375,-54.19921875,-54.6875
-62.01171875,-82.51953125,-47.8515625,-53.7109375
-67.87109375,-52.24609375,-42.96875,-50.78125
-57.6171875,-29.296875,-41.50390625,-44.921875
-42.48046875,-19.04296875,-48.828125,-47.36328125
-42.96875,-35.15625,-52.734375,-50.78125
-59.08203125,-78.61328125,-49.31640625,-53.7109375
-60.05859375,-76.171875,-44.43359375,-47.8515625
-36.1328125,-16.6015625,-42.96875,-32.2265625
-16.6015625,-4.39453125,-45.8984375,-27.83203125
-31.73828125,-42.96875,-49.8046875,-38.57421875
-55.6640625,-73.73046875,-50.29296875,-49.31640625
-58.10546875,-71.2890625,-47.8515625,-46.38671875
-46.875,-26.3671875,-48.828125,-44.921875
-30.2734375,-6.34765625,-44.921875,-45.41015625
-29.78515625,-40.52734375,-41.9921875,-48.33984375
-46.38671875,-67.87109375,-43.9453125,-60.05859375
-56.640625,-54.6875,-45.8984375,-56.15234375
-47.8515625,-25.87890625,-46.38671875,-41.9921875
-32.2265625,-31.25,-47.36328125,-42.96875
-35.64453125,-46.875,-46.875,-52.734375
-50.29296875,-68.84765625,-44.921875,-56.640625
-58.59375,-68.84765625,-47.36328125,-53.7109375
-52.24609375,-29.78515625,-46.875,-47.36328125
-29.296875,-2.9296875,-48.33984375,-41.9921875
-28.80859375,-27.83203125,-56.640625,-50.29296875
-48.828125,-67.3828125,-56.640625,-58.10546875
-54.6875,-82.03125,-46.38671875,-51.7578125
-48.33984375,-37.109375,-42.48046875,-46.38671875
-40.0390625,2.44140625,-47.8515625,-52.734375
-38.0859375,-44.43359375,-52.24609375,-57.12890625
-43.45703125,-83.49609375,-46.38671875,-46.875
-59.5703125,-84.47265625,-44.43359375,-49.31640625
-65.91796875,-57.6171875,-54.19921875,-53.22265625
-47.36328125,-17.578125,-52.734375,-46.875
-34.66796875,-31.73828125,-55.17578125,-53.22265625
-43.45703125,-74.70703125,-54.6875,-58.10546875
-58.59375,-84.47265625,-48.828125,-54.19921875
-58.10546875,-51.7578125,-44.921875,-41.50390625
-41.50390625,-23.4375,-41.015625,-33.203125
-36.1328125,-20.99609375,-41.50390625,-36.62109375
-44.921875,-49.31640625,-43.45703125,-43.9453125
-53.7109375,-87.40234375,-45.41015625,-47.36328125
-52.734375,-65.4296875,-48.33984375,-41.9921875
-44.43359375,-22.94921875,-57.12890625,-43.45703125
-38.0859375,-27.34375,-58.59375,-50.78125
-42.96875,-50.78125,-51.26953125,-62.98828125
-60.05859375,-68.359375,-57.6171875,-72.265625
-62.01171875,-66.89453125,-61.03515625,-62.98828125
-45.41015625,-20.99609375,-54.6875,-53.7109375
-38.0859375,-8.30078125,-50.29296875,-55.17578125
-42.48046875,-44.43359375,-46.875,-62.01171875
-56.640625,-65.91796875,-46.38671875,-62.5
-63.96484375,-51.7578125,-47.8515625,-50.29296875
-53.7109375,-22.94921875,-53.22265625,-36.62109375
-41.50390625,-30.2734375,-60.546875,-42.48046875
-45.41015625,-55.17578125,-58.10546875,-57.6171875
-54.6875,-67.87109375,-51.7578125,-56.640625
-57.12890625,-69.3359375,-48.828125,-48.33984375
-47.36328125,-38.57421875,-48.828125,-45.8984375
-34.1796875,-24.90234375,-46.38671875,-44.921875
-35.64453125,-37.109375,-45.41015625,-43.45703125
-46.38671875,-60.546875,-43.9453125,-45.41015625
-60.546875,-83.984375,-44.43359375,-41.9921875
-54.6875,-33.69140625,-49.31640625,-39.0625
-34.1796875,6.8359375,-50.78125,-41.015625
-36.1328125,-46.875,-52.24609375,-53.7109375
-47.36328125,-85.9375,-53.7109375,-57.6171875
-57.12890625,-76.171875,-50.78125,-51.26953125
-57.6171875,-53.22265625,-47.36328125,-50.78125
-39.55078125,-34.1796875,-39.55078125,-45.41015625
-39.0625,-40.52734375,-40.0390625,-47.36328125
-55.6640625,-78.125,-51.26953125,-59.08203125
-67.87109375,-77.63671875,-59.5703125,-63.4765625
-71.77734375,-33.203125,-59.5703125,-51.7578125
-56.640625,-23.92578125,-50.29296875,-45.41015625
-44.43359375,-29.78515625,-43.9453125,-54.6875
-43.9453125,-46.875,-40.0390625,-57.12890625
-49.8046875,-69.82421875,-36.1328125,-54.6875
-50.78125,-62.01171875,-42.48046875,-50.78125
-39.0625,-30.76171875,-41.9921875,-44.921875
-37.109375,-27.83203125,-39.55078125,-50.78125
-51.7578125,-68.84765625,-41.015625,-58.59375
-66.89453125,-81.54296875,-43.45703125,-55.17578125
-66.89453125,-56.15234375,-48.33984375,-40.52734375
-44.921875,-21.97265625,-48.33984375,-41.015625
-29.78515625,-22.4609375,-46.38671875,-46.38671875
-37.59765625,-56.15234375,-41.50390625,-43.9453125
-50.78125,-76.171875,-38.57421875,-41.015625
-55.6640625,-55.6640625,-42.96875,-38.57421875
-41.9921875,-32.2265625,-47.8515625,-41.9921875
-37.109375,-28.3203125,-46.875,-44.921875
-39.0625,-51.26953125,-42.48046875,-48.828125
-48.828125,-87.890625,-41.9921875,-48.33984375
-65.4296875,-72.75390625,-41.50390625,-50.29296875
-50.29296875,-14.6484375,-39.55078125,-44.43359375
-29.296875,-8.30078125,-41.50390625,-38.0859375
-34.1796875,-52.24609375,-45.8984375,-45.41015625
-45.8984375,-66.40625,-44.43359375,-47.36328125
-53.7109375,-62.5,-44.921875,-38.57421875
-46.875,-21.97265625,-46.875,-37.59765625
-35.64453125,-3.41796875,-47.36328125,-44.921875
-39.0625,-49.8046875,-52.734375,-47.36328125
-54.19921875,-98.6328125,-52.24609375,-54.19921875
-66.89453125,-81.0546875,-49.31640625,-55.6640625
-61.03515625,-33.203125,-48.33984375,-49.8046875
-49.31640625,-27.83203125,-47.8515625,-47.36328125
-41.50390625,-32.2265625,-46.38671875,-52.24609375
-45.41015625,-75.1953125,-43.9453125,-57.6171875
-59.08203125,-91.796875,-46.38671875,-54.19921875
-62.01171875,-44.921875,-55.17578125,-48.828125
-41.9921875,-26.85546875,-56.15234375,-43.45703125
-38.57421875,-41.50390625,-51.7578125,-49.31640625
-53.22265625,-57.12890625,-47.36328125,-54.6875
-62.5,-84.9609375,-41.015625,-49.31640625
-59.5703125,-62.5,-42.48046875,-41.9921875
-41.50390625,-27.83203125,-42.96875,-36.62109375
-27.34375,-25.390625,-36.1328125,-37.109375
-32.2265625,-54.19921875,-36.1328125,-36.62109375
-51.7578125,-77.1484375,-37.109375,-38.0859375
-57.12890625,-44.921875,-36.62109375,-39.0625
-44.921875,1.953125,-40.0390625,-35.64453125
-33.203125,-10.7421875,-41.015625,-37.109375
-43.45703125,-78.125,-42.96875,-42.96875
-64.453125,-75.68359375,-42.96875,-47.8515625
-63.4765625,-36.1328125,-44.921875,-42.48046875
-39.55078125,-36.62109375,-48.828125,-35.15625
-22.94921875,-34.66796875,-56.640625,-40.52734375
-27.34375,-54.19921875,-56.640625,-48.33984375
-48.33984375,-71.2890625,-55.6640625,-50.78125
-55.6640625,-49.8046875,-57.12890625,-43.9453125
-44.43359375,-11.71875,-52.734375,-34.1796875
-39.0625,-15.625,-52.24609375,-36.62109375
-46.38671875,-58.59375,-56.15234375,-52.734375
-61.5234375,-79.58984375,-54.6875,-57.6171875
-65.91796875,-70.80078125,-49.31640625,-53.22265625
-53.22265625,-30.76171875,-44.921875,-48.828125
-46.875,4.39453125,-46.38671875,-51.26953125
-49.8046875,-34.1796875,-49.31640625,-56.15234375
-63.96484375,-85.9375,-47.8515625,-54.6875
-69.82421875,-69.3359375,-46.875,-45.41015625
-61.03515625,-18.5546875,-45.41015625,-42.48046875
-47.8515625,-7.32421875,-42.96875,-47.8515625
-43.45703125,-39.0625,-38.57421875,-54.19921875
-52.734375,-71.77734375,-38.0859375,-51.7578125
-61.5234375,-68.84765625,-39.0625,-44.921875
-60.05859375,-28.3203125,-42.48046875,-42.48046875
-37.59765625,-8.30078125,-50.78125,-38.0859375
-29.296875,-31.73828125,-47.36328125,-37.59765625
-43.45703125,-53.7109375,-41.015625,-43.45703125
-47.8515625,-79.1015625,-41.50390625,-37.59765625
-46.875,-43.9453125,-45.8984375,-34.1796875
-37.59765625,-1.46484375,-44.921875,-40.52734375
-32.71484375,-47.8515625,-39.55078125,-43.9453125
-49.8046875,-84.9609375,-46.38671875,-48.828125
-61.03515625,-85.44921875,-53.22265625,-45.8984375
-57.6171875,-42.48046875,-61.03515625,-42.48046875
-42.48046875,-17.08984375,-59.5703125,-46.875
-35.15625,-24.4140625,-51.7578125,-55.17578125
-52.734375,-69.3359375,-60.546875,-64.453125
-69.82421875,-86.42578125,-62.5,-64.453125
-67.3828125,-32.2265625,-46.38671875,-52.24609375
-50.29296875,-19.04296875,-37.109375,-44.921875
-36.1328125,-45.8984375,-39.55078125,-37.59765625
-41.015625,-67.87109375,-43.45703125,-37.59765625
-58.59375,-80.078125,-56.640625,-49.8046875
-68.84765625,-43.45703125,-62.01171875,-51.7578125
-55.6640625,-7.32421875,-55.6640625,-45.41015625
-47.8515625,-31.73828125,-50.29296875,-48.828125
-61.5234375,-64.94140625,-46.38671875,-60.05859375
-76.66015625,-76.171875,-55.6640625,-63.4765625
-72.75390625,-60.546875,-57.6171875,-55.17578125
-53.22265625,-13.671875,-51.26953125,-48.33984375
-33.69140625,8.7890625,-48.33984375,-41.50390625
-32.2265625,-51.7578125,-45.41015625,-48.33984375
-53.7109375,-98.6328125,-50.29296875,-60.546875
-67.87109375,-69.82421875,-55.6640625,-54.19921875
-46.38671875,-17.578125,-50.29296875,-45.41015625
-30.2734375,-27.34375,-47.36328125,-46.38671875
-39.55078125,-66.40625,-45.41015625,-54.19921875
-54.19921875,-91.30859375,-47.36328125,-59.08203125
-58.10546875,-68.359375,-50.29296875,-47.8515625
-46.875,-13.671875,-50.78125,-44.43359375
-36.1328125,-26.85546875,-53.22265625,-45.41015625
-42.96875,-55.6640625,-54.19921875,-42.96875
-50.29296875,-61.5234375,-46.38671875,-42.96875
-62.5,-92.28515625,-40.52734375,-43.45703125
-62.98828125,-62.5,-42.96875,-40.52734375
-43.9453125,-18.5546875,-41.9921875,-36.62109375
-42.96875,-37.59765625,-41.9921875,-44.43359375
-55.6640625,-77.1484375,-41.9921875,-50.29296875
-73.73046875,-91.796875,-47.36328125,-51.26953125
-67.3828125,-32.2265625,-58.59375,-48.828125
-45.8984375,-17.578125,-57.12890625,-47.36328125
-42.48046875,-45.41015625,-49.31640625,-46.875
-52.24609375,-72.265625,-43.9453125,-48.33984375
-55.17578125,-73.2421875,-38.57421875,-48.33984375
-47.36328125,-22.94921875,-44.921875,-43.45703125
-37.59765625,-26.3671875,-53.7109375,-43.9453125
-35.64453125,-54.6875,-55.6640625,-46.875
-48.33984375,-77.1484375,-52.734375,-51.7578125
-62.98828125,-93.75,-52.24609375,-53.22265625
-60.05859375,-55.17578125,-52.734375,-43.9453125
-39.55078125,-16.11328125,-49.8046875,-35.64453125
-30.76171875,-30.76171875,-54.19921875,-34.1796875
-38.0859375,-77.63671875,-54.6875,-41.9921875
-47.36328125,-77.1484375,-50.78125,-50.78125
-43.45703125,-39.0625,-47.36328125,-44.921875
-29.78515625,-1.46484375,-41.50390625,-39.0625
-23.4375,1.953125,-41.015625,-40.52734375
-32.71484375,-63.96484375,-43.9453125,-48.33984375
-44.43359375,-78.61328125,-46.875,-55.6640625
-50.29296875,-45.8984375,-46.875,-45.8984375
-40.52734375,-26.85546875,-39.0625,-41.50390625
-25.87890625,-25.390625,-36.62109375,-45.41015625
-37.109375,-62.5,-47.8515625,-50.78125
-58.10546875,-76.66015625,-47.36328125,-55.6640625
-67.87109375,-63.4765625,-44.921875,-61.03515625
-59.08203125,-18.06640625,-49.31640625,-64.453125
-45.41015625,-14.16015625,-45.41015625,-62.98828125
-46.875,-43.9453125,-41.50390625,-64.94140625
-62.98828125,-70.3125,-38.0859375,-66.40625
-73.2421875,-83.49609375,-41.9921875,-55.17578125
-62.01171875,-41.9921875,-48.33984375,-50.78125
-45.8984375,-22.4609375,-45.41015625,-56.15234375
-44.921875,-54.6875,-45.41015625,-58.59375
-54.6875,-78.125,-49.8046875,-54.19921875
-59.08203125,-62.98828125,-52.734375,-46.38671875
-48.828125,-34.66796875,-48.828125,-46.38671875
-30.76171875,-24.90234375,-45.41015625,-45.41015625
-31.73828125,-41.50390625,-49.8046875,-50.78125
-46.38671875,-70.3125,-44.921875,-53.7109375
-51.7578125,-48.828125,-38.0859375,-48.828125
-44.43359375,-7.32421875,-46.875,-44.43359375
-30.2734375,-23.92578125,-50.29296875,-43.45703125
-26.85546875,-48.828125,-47.8515625,-45.41015625
-42.96875,-75.1953125,-51.26953125,-48.828125
-58.10546875,-72.265625,-51.26953125,-45.8984375
-57.6171875,-33.69140625,-52.24609375,-41.50390625
-44.921875,-12.6953125,-48.828125,-44.43359375
-42.48046875,-34.66796875,-45.41015625,-50.29296875
-54.6875,-67.3828125,-41.015625,-53.22265625
-69.3359375,-73.2421875,-40.0390625,-57.12890625
-70.3125,-59.08203125,-43.9453125,-53.7109375
-48.828125,-25.87890625,-41.50390625,-44.43359375
-36.1328125,-9.27734375,-44.43359375,-48.828125
-41.9921875,-59.08203125,-47.36328125,-54.19921875
-55.17578125,-92.28515625,-49.31640625,-49.8046875
-57.6171875,-47.8515625,-54.19921875,-42.96875
-38.57421875,-14.16015625,-48.828125,-32.71484375
-30.2734375,-26.85546875,-42.48046875,-38.0859375
-37.59765625,-64.453125,-41.9921875,-51.7578125
-53.22265625,-80.56640625,-40.0390625,-54.19921875
-55.17578125,-56.640625,-36.62109375,-44.921875
-37.109375,-10.7421875,-36.62109375,-37.109375
-30.2734375,-19.53125,-40.0390625,-43.9453125
-42.96875,-60.05859375,-43.45703125,-49.31640625
-58.10546875,-61.03515625,-49.31640625,-49.31640625
-64.453125,-56.15234375,-53.22265625,-45.41015625
-58.59375,-44.43359375,-48.33984375,-45.41015625
-48.828125,-33.69140625,-48.828125,-44.921875
-54.19921875,-51.7578125,-52.24609375,-48.33984375
-67.87109375,-79.58984375,-45.8984375,-56.640625
-71.77734375,-72.265625,-37.109375,-49.8046875
-56.15234375,-23.4375,-36.1328125,-44.43359375
-42.48046875,-13.671875,-43.45703125,-51.7578125
-41.015625,-43.45703125,-49.8046875,-58.59375
-49.31640625,-70.3125,-53.22265625,-53.7109375
-55.6640625,-61.03515625,-53.22265625,-42.48046875
-43.45703125,-2.44140625,-45.8984375,-37.59765625
-31.25,-5.37109375,-42.48046875,-34.66796875
-39.0625,-61.03515625,-43.45703125,-38.57421875
-54.19921875,-76.171875,-45.8984375,-49.31640625
-59.08203125,-82.03125,-42.96875,-44.43359375
-49.8046875,-37.109375,-43.45703125,-39.0625
-37.109375,-13.18359375,-44.43359375,-37.109375
-42.48046875,-35.64453125,-47.36328125,-39.0625
-51.26953125,-72.75390625,-59.5703125,-49.8046875
-58.10546875,-81.54296875,-60.05859375,-50.29296875
-64.94140625,-53.22265625,-57.12890625,-45.41015625
-50.29296875,-17.578125,-52.734375,-50.29296875
-44.43359375,-12.6953125,-47.36328125,-54.19921875
-62.5,-87.40234375,-53.22265625,-59.08203125
-73.73046875,-106.93359375,-56.640625,-62.5
-70.3125,-44.43359375,-58.10546875,-61.03515625
-54.19921875,-18.06640625,-59.5703125,-60.05859375
-43.9453125,-7.8125,-50.78125,-64.453125
-54.6875,-60.05859375,-42.96875,-69.3359375
-68.359375,-91.30859375,-44.921875,-64.94140625
-69.82421875,-50.78125,-53.22265625,-59.08203125
-49.31640625,-12.6953125,-50.29296875,-52.734375
-36.62109375,-25.390625,-43.45703125,-53.22265625
-50.29296875,-68.84765625,-43.45703125,-57.12890625
-62.01171875,-68.359375,-46.38671875,-57.12890625
-62.98828125,-56.640625,-50.29296875,-48.828125
-44.43359375,-21.97265625,-48.33984375,-47.8515625
-32.71484375,-7.8125,-46.875,-53.22265625
-43.9453125,-53.7109375,-47.8515625,-54.19921875
-62.01171875,-74.70703125,-46.875,-60.05859375
-64.94140625,-53.22265625,-44.43359375,-52.24609375
-52.734375,-20.5078125,-46.875,-45.41015625
-42.48046875,-11.23046875,-45.41015625,-47.8515625
-43.45703125,-43.45703125,-46.875,-52.734375
-55.17578125,-88.8671875,-52.734375,-53.7109375
-67.87109375,-81.54296875,-47.36328125,-52.24609375
-55.6640625,-11.23046875,-40.52734375,-50.29296875
-38.57421875,-11.71875,-43.9453125,-46.38671875
-42.48046875,-61.03515625,-42.96875,-45.41015625
-52.734375,-79.1015625,-46.875,-47.8515625
-55.17578125,-61.5234375,-45.8984375,-44.43359375
-41.015625,-21.484375,-40.0390625,-45.41015625
-20.01953125,-3.90625,-41.9921875,-42.96875
-22.94921875,-29.296875,-42.96875,-41.9921875
-41.50390625,-74.70703125,-48.828125,-51.7578125
-54.6875,-73.2421875,-50.78125,-52.734375
-52.734375,-30.2734375,-44.43359375,-48.828125
-34.66796875,-8.30078125,-41.50390625,-48.828125
-38.0859375,-25.87890625,-44.921875,-56.15234375
-56.15234375,-80.078125,-49.31640625,-59.08203125
-68.84765625,-90.33203125,-43.45703125,-51.26953125
-62.5,-22.4609375,-42.96875,-45.8984375
-40.52734375,-6.34765625,-47.36328125,-41.9921875
-40.0390625,-40.0390625,-49.8046875,-48.828125
-56.15234375,-65.91796875,-45.41015625,-55.6640625
-62.5,-78.125,-39.0625,-53.7109375
-58.10546875,-51.7578125,-34.66796875,-51.26953125
-40.0390625,-18.06640625,-34.1796875,-47.36328125
-31.25,-20.99609375,-40.52734375,-48.33984375
-44.921875,-60.546875,-47.8515625,-54.19921875
-51.7578125,-56.15234375,-49.8046875,-51.26953125
-45.8984375,-49.31640625,-47.36328125,-40.52734375
-29.296875,-18.06640625,-46.875,-35.15625
-17.578125,-4.39453125,-45.41015625,-38.57421875
-33.203125,-75.68359375,-49.31640625,-49.8046875
-50.78125,-84.47265625,-52.24609375,-51.7578125
-54.19921875,-45.8984375,-46.875,-42.96875
-40.52734375,-9.27734375,-39.0625,-40.52734375
-33.203125,-13.18359375,-39.55078125,-42.48046875
-50.29296875,-62.01171875,-48.33984375,-48.828125
-63.4765625,-84.47265625,-51.7578125,-49.8046875
-68.359375,-56.15234375,-54.19921875,-53.22265625
-54.6875,-10.25390625,-54.19921875,-55.6640625
-36.62109375,-16.11328125,-46.875,-50.78125
-48.33984375,-74.70703125,-44.921875,-56.640625
-60.05859375,-81.0546875,-45.41015625,-53.22265625
-53.22265625,-51.26953125,-45.8984375,-40.0390625
-41.9921875,-0.9765625,-48.828125,-37.59765625
-28.3203125,-0.48828125,-46.38671875,-42.96875
-32.71484375,-62.5,-37.109375,-47.8515625
-50.29296875,-72.265625,-37.59765625,-49.31640625
-57.12890625,-58.59375,-39.0625,-47.8515625
-49.31640625,-32.71484375,-34.1796875,-43.45703125
-36.1328125,-2.44140625,-38.0859375,-40.0390625
-35.15625,-16.6015625,-40.52734375,-46.38671875
-48.828125,-85.9375,-38.0859375,-51.26953125
-63.96484375,-99.609375,-45.41015625,-47.8515625
-60.05859375,-44.921875,-57.6171875,-44.921875
-39.55078125,-14.16015625,-50.78125,-45.41015625
-39.55078125,-40.0390625,-43.9453125,-45.8984375
-54.6875,-76.171875,-48.33984375,-44.921875
-67.3828125,-82.51953125,-43.9453125,-47.8515625
-55.6640625,-26.3671875,-34.66796875,-40.52734375
-34.66796875,-5.859375,-39.55078125,-36.1328125
-34.66796875,-50.78125,-51.26953125,-38.0859375
-47.36328125,-69.82421875,-51.26953125,-46.875
-59.08203125,-56.15234375,-56.15234375,-52.24609375
-56.640625,-41.50390625,-55.6640625,-47.36328125
-46.38671875,-27.83203125,-56.15234375,-48.33984375
-39.0625,-31.73828125,-52.734375,-47.8515625
-43.45703125,-59.5703125,-48.33984375,-59.5703125
-59.08203125,-75.68359375,-50.78125,-66.40625
-62.01171875,-56.15234375,-51.26953125,-57.6171875
-43.9453125,-22.94921875,-54.19921875,-52.24609375
-34.1796875,-29.296875,-53.7109375,-49.8046875
-43.45703125,-58.10546875,-51.7578125,-48.33984375
-50.78125,-72.265625,-50.29296875,-43.45703125
-48.33984375,-49.8046875,-51.26953125,-36.62109375
-29.296875,11.71875,-49.8046875,-30.2734375
-21.97265625,-6.8359375,-50.29296875,-30.76171875
-39.0625,-92.28515625,-55.17578125,-37.109375
-53.7109375,-97.65625,-51.26953125,-41.015625
-58.59375,-56.640625,-48.33984375,-37.59765625
-41.9921875,-12.20703125,-51.26953125,-32.71484375
-31.73828125,-18.06640625,-42.48046875,-33.203125
-41.9921875,-71.2890625,-37.109375,-40.52734375
-50.78125,-87.890625,-42.48046875,-43.45703125
-60.546875,-66.40625,-47.36328125,-42.96875
-58.59375,-40.52734375,-46.875,-50.29296875
-44.43359375,-20.99609375,-43.9453125,-51.7578125
-47.36328125,-35.15625,-50.29296875,-52.734375
-64.453125,-94.23828125,-62.5,-58.10546875
-67.87109375,-87.40234375,-62.5,-56.15234375
-51.7578125,-20.5078125,-52.24609375,-49.8046875
-33.203125,-18.5546875,-47.8515625,-47.8515625
-32.71484375,-48.33984375,-47.36328125,-47.36328125
-49.8046875,-77.1484375,-50.78125,-53.22265625
-59.08203125,-78.61328125,-50.78125,-48.828125
-50.29296875,-30.76171875,-46.875,-38.57421875
-43.45703125,-22.4609375,-51.26953125,-41.50390625
-41.9921875,-51.7578125,-50.78125,-48.828125
-54.19921875,-77.63671875,-53.22265625,-52.734375
-67.87109375,-60.05859375,-52.24609375,-43.9453125
-62.98828125,-35.15625,-50.29296875,-38.0859375
-49.31640625,-33.203125,-47.36328125,-44.43359375
-49.8046875,-51.26953125,-42.48046875,-53.22265625
-64.453125,-88.37890625,-48.33984375,-55.17578125
-74.70703125,-83.0078125,-52.24609375,-50.29296875
-75.1953125,-41.50390625,-44.921875,-48.828125
-57.12890625,-27.83203125,-41.50390625,-48.33984375
-43.9453125,-37.109375,-44.43359375,-54.6875
-54.6875,-67.3828125,-45.41015625,-60.05859375
-70.3125,-82.03125,-45.8984375,-56.640625
-62.5,-39.0625,-45.41015625,-51.26953125
-39.55078125,12.6953125,-42.96875,-47.36328125
-31.25,-20.5078125,-41.9921875,-51.7578125
-40.0390625,-74.21875,-42.96875,-53.22265625
-52.734375,-80.078125,-45.41015625,-50.78125
-55.6640625,-54.6875,-43.45703125,-45.8984375
-37.109375,-8.30078125,-37.109375,-41.015625
-24.4140625,-12.6953125,-41.50390625,-46.875
-36.62109375,-71.77734375,-51.26953125,-53.7109375
-58.59375,-79.58984375,-61.03515625,-61.03515625
-61.03515625,-45.41015625,-60.546875,-54.6875
-41.50390625,-25.390625,-55.17578125,-41.9921875
-24.90234375,-15.13671875,-52.24609375,-43.9453125
-26.85546875,-38.57421875,-42.96875,-43.45703125
-50.78125,-72.265625,-41.50390625,-43.9453125
-62.01171875,-71.2890625,-40.52734375,-45.8984375
-52.24609375,-27.83203125,-39.0625,-44.43359375
-48.828125,-17.578125,-49.8046875,-48.33984375
-52.24609375,-57.6171875,-48.33984375,-55.17578125
-59.08203125,-73.2421875,-41.015625,-55.6640625
-62.98828125,-56.640625,-41.015625,-51.26953125
-54.6875,-27.34375,-37.59765625,-52.24609375
-38.0859375,-17.578125,-33.203125,-51.26953125
-42.48046875,-49.8046875,-35.15625,-56.15234375
-57.12890625,-78.61328125,-34.66796875,-54.6875
-56.15234375,-56.15234375,-35.64453125,-45.41015625
-41.50390625,-16.6015625,-40.0390625,-40.52734375
-27.83203125,-32.71484375,-46.38671875,-38.57421875
-33.69140625,-66.40625,-51.26953125,-44.43359375
-41.50390625,-78.125,-44.43359375,-40.52734375
-42.48046875,-57.6171875,-43.45703125,-29.296875
-42.96875,-31.25,-43.45703125,-28.80859375
-28.80859375,-18.06640625,-35.64453125,-28.3203125
-22.94921875,-32.2265625,-38.57421875,-35.64453125
-42.96875,-65.91796875,-42.48046875,-49.31640625
-58.10546875,-72.265625,-45.8984375,-46.875
-50.29296875,-25.390625,-49.31640625,-42.48046875
-35.64453125,5.859375,-46.875,-41.9921875
-35.64453125,-40.0390625,-54.19921875,-48.828125
-50.29296875,-75.1953125,-53.7109375,-54.6875
-66.89453125,-76.171875,-41.015625,-51.7578125
-67.87109375,-60.546875,-42.48046875,-47.36328125
-51.7578125,-14.16015625,-43.45703125,-47.8515625
-43.45703125,-17.08984375,-44.921875,-54.19921875
-55.6640625,-66.89453125,-56.15234375,-61.03515625
-64.453125,-80.56640625,-59.5703125,-56.640625
-56.640625,-46.38671875,-50.78125,-41.50390625
-47.8515625,-22.94921875,-49.8046875,-48.828125
-37.59765625,-27.83203125,-46.875,-57.12890625
-35.64453125,-47.36328125,-35.15625,-56.15234375
-49.8046875,-88.37890625,-40.52734375,-52.734375
-53.7109375,-81.54296875,-49.8046875,-41.9921875
-33.69140625,-16.6015625,-46.38671875,-34.66796875
-17.08984375,-14.6484375,-44.43359375,-31.25
-30.2734375,-60.546875,-52.24609375,-41.9921875
-52.24609375,-64.94140625,-57.12890625,-51.7578125
-59.08203125,-57.6171875,-50.78125,-40.52734375
-50.78125,-26.3671875,-44.43359375,-37.109375
-39.0625,-16.11328125,-37.59765625,-46.875
-48.33984375,-60.05859375,-40.0390625,-55.17578125
-67.87109375,-83.49609375,-52.24609375,-58.59375
-72.265625,-50.78125,-53.22265625,-52.24609375
-58.10546875,-26.3671875,-47.36328125,-44.921875
-40.52734375,-29.296875,-54.19921875,-44.43359375
-37.109375,-50.78125,-57.12890625,-47.36328125
-47.8515625,-73.73046875,-45.8984375,-43.9453125
-58.59375,-69.82421875,-46.38671875,-43.9453125
-52.734375,-30.2734375,-51.26953125,-50.78125
-37.109375,-25.390625,-47.8515625,-48.33984375
-40.52734375,-37.59765625,-45.41015625,-55.6640625
-54.19921875,-65.91796875,-49.31640625,-63.4765625
-61.03515625,-81.0546875,-53.7109375,-54.6875
-49.8046875,-29.296875,-48.33984375,-43.45703125
-34.1796875,-1.953125,-46.875,-42.96875
-34.1796875,-40.0390625,-49.8046875,-41.015625
-43.9453125,-94.23828125,-41.015625,-44.43359375
-54.6875,-87.40234375,-35.64453125,-47.36328125
-54.19921875,-38.0859375,-40.0390625,-40.52734375
-38.0859375,-9.27734375,-43.9453125,-36.62109375
-39.0625,-34.1796875,-47.36328125,-47.36328125
-53.7109375,-79.1015625,-49.31640625,-59.08203125
-64.94140625,-80.078125,-50.29296875,-54.6875
-69.3359375,-38.0859375,-49.31640625,-51.26953125
-49.31640625,-22.4609375,-39.55078125,-46.875
-39.0625,-36.1328125,-36.1328125,-56.15234375
-50.78125,-52.734375,-41.50390625,-63.4765625
-58.59375,-65.4296875,-45.41015625,-59.5703125
-60.05859375,-65.91796875,-49.31640625,-55.6640625
-43.45703125,-30.2734375,-54.19921875,-43.9453125
-32.2265625,-20.5078125,-55.17578125,-44.43359375
-48.33984375,-71.2890625,-62.01171875,-59.5703125
-65.4296875,-83.49609375,-59.5703125,-59.08203125
-59.5703125,-43.45703125,-42.48046875,-53.7109375
-44.921875,-20.01953125,-40.0390625,-54.19921875
-39.0625,-18.5546875,-42.96875,-53.7109375
-44.43359375,-55.17578125,-40.52734375,-53.22265625
-56.640625,-69.82421875,-46.38671875,-50.29296875
-62.98828125,-39.55078125,-50.78125,-38.57421875
-45.8984375,-28.80859375,-53.22265625,-34.66796875
-30.2734375,-31.73828125,-58.59375,-41.9921875
-38.57421875,-51.26953125,-51.7578125,-45.8984375
-57.12890625,-84.47265625,-43.45703125,-50.78125
-62.98828125,-70.3125,-46.38671875,-47.36328125
-48.33984375,-17.578125,-43.45703125,-37.109375
-33.203125,-1.46484375,-35.15625,-31.25
-32.71484375,-45.41015625,-33.69140625,-39.55078125
-47.8515625,-76.66015625,-40.0390625,-53.22265625
-62.01171875,-62.01171875,-41.015625,-50.29296875
-49.31640625,-11.23046875,-40.0390625,-40.52734375
-29.78515625,0.48828125,-48.33984375,-36.62109375
-30.76171875,-52.24609375,-55.17578125,-44.43359375
-46.875,-77.1484375,-49.8046875,-54.6875
-60.05859375,-72.265625,-43.45703125,-50.78125
-47.8515625,-27.83203125,-42.96875,-41.50390625
-23.92578125,8.7890625,-40.52734375,-33.69140625
-26.3671875,-25.87890625,-42.96875,-41.015625
-45.41015625,-67.87109375,-46.38671875,-49.31640625
-56.640625,-69.3359375,-51.26953125,-42.96875
-48.33984375,-31.25,-49.31640625,-38.57421875
-28.3203125,-13.18359375,-45.41015625,-40.0390625
-20.99609375,-17.578125,-47.36328125,-41.50390625
-35.64453125,-34.66796875,-50.29296875,-42.48046875
-53.7109375,-76.171875,-54.6875,-40.52734375
-51.7578125,-49.31640625,-53.22265625,-37.109375
-36.1328125,-10.7421875,-48.33984375,-36.1328125
-36.1328125,-32.2265625,-41.015625,-37.59765625
-55.17578125,-81.54296875,-40.0390625,-42.96875
-66.40625,-83.49609375,-44.921875,-46.38671875
-62.5,-41.50390625,-47.36328125,-44.43359375
-48.828125,-14.6484375,-47.36328125,-45.8984375
-32.71484375,-14.16015625,-41.9921875,-42.96875
-43.9453125,-68.359375,-53.22265625,-50.29296875
-61.5234375,-80.078125,-67.3828125,-59.08203125
-56.640625,-36.1328125,-57.12890625,-50.78125
-39.0625,-20.01953125,-43.45703125,-41.50390625
-38.0859375,-41.015625,-48.33984375,-52.24609375
-48.828125,-68.84765625,-50.78125,-64.453125
-61.5234375,-80.56640625,-45.41015625,-60.05859375
-70.80078125,-65.4296875,-50.78125,-63.96484375
-52.24609375,-11.23046875,-50.29296875,-62.98828125
-35.15625,-5.859375,-49.31640625,-54.6875
-38.0859375,-54.6875,-55.6640625,-52.24609375
-49.31640625,-79.58984375,-61.5234375,-46.875
-51.7578125,-64.94140625,-57.6171875,-43.9453125
-38.0859375,-9.27734375,-51.7578125,-40.52734375
-28.80859375,12.6953125,-50.29296875,-41.015625
-31.25,-45.41015625,-43.9453125,-41.9921875
-47.8515625,-97.65625,-47.36328125,-41.50390625
-59.08203125,-80.078125,-49.31640625,-49.31640625
-53.22265625,-24.4140625,-43.9453125,-47.8515625
-45.41015625,-16.6015625,-45.8984375,-42.48046875
-51.26953125,-56.640625,-51.26953125,-51.26953125
-63.4765625,-79.58984375,-51.7578125,-54.6875
-68.359375,-77.1484375,-51.26953125,-44.43359375
-52.24609375,-25.87890625,-47.36328125,-38.0859375
-28.80859375,-0.9765625,-41.9921875,-35.15625
-30.76171875,-35.64453125,-44.43359375,-42.96875
-43.9453125,-59.08203125,-48.33984375,-52.24609375
-53.22265625,-75.1953125,-48.828125,-48.828125
-49.8046875,-41.9921875,-55.6640625,-47.8515625
-34.1796875,-3.90625,-53.22265625,-48.33984375
-26.3671875,-38.57421875,-48.828125,-46.38671875
-36.62109375,-81.54296875,-48.828125,-52.24609375
-46.875,-75.1953125,-40.0390625,-57.12890625
-42.48046875,-35.15625,-42.96875,-52.24609375
-27.83203125,-12.6953125,-46.875,-44.43359375
-28.3203125,-22.4609375,-41.9921875,-42.48046875
-44.921875,-68.359375,-45.41015625,-51.7578125
-56.640625,-80.078125,-53.22265625,-50.29296875
-52.24609375,-26.3671875,-53.22265625,-41.50390625
-40.0390625,-15.625,-50.78125,-42.96875
-36.62109375,-43.45703125,-51.26953125,-46.38671875
-41.50390625,-66.40625,-48.33984375,-50.29296875
-53.22265625,-76.171875,-41.50390625,-48.828125
-59.08203125,-38.57421875,-39.55078125,-41.9921875
-44.921875,-4.39453125,-42.96875,-35.64453125
-39.0625,-27.83203125,-41.015625,-35.64453125
-50.78125,-63.96484375,-43.9453125,-46.38671875
-66.40625,-74.70703125,-53.7109375,-55.17578125
-66.89453125,-58.59375,-47.36328125,-41.015625
-46.38671875,-14.6484375,-39.55078125,-33.203125
-29.296875,11.23046875,-39.0625,-40.52734375
-28.80859375,-52.24609375,-39.55078125,-40.52734375
-42.48046875,-85.44921875,-46.875,-42.48046875
-46.38671875,-55.6640625,-46.875,-39.0625
-29.296875,-13.671875,-40.52734375,-37.59765625
-19.04296875,1.46484375,-49.31640625,-41.015625
-29.78515625,-43.9453125,-61.03515625,-45.8984375
-50.29296875,-84.47265625,-51.7578125,-60.546875
-68.359375,-63.96484375,-42.96875,-64.453125
-62.01171875,-15.625,-43.9453125,-56.15234375
-41.9921875,-24.4140625,-44.43359375,-54.6875
-48.33984375,-45.41015625,-45.41015625,-58.10546875
-62.98828125,-53.7109375,-47.8515625,-53.7109375
-70.3125,-67.3828125,-48.33984375,-49.31640625
-62.5,-34.1796875,-42.48046875,-42.48046875
-47.8515625,-10.7421875,-41.50390625,-42.48046875
-49.8046875,-36.62109375,-40.0390625,-54.19921875
-63.96484375,-71.2890625,-41.015625,-64.94140625
-79.1015625,-72.265625,-43.45703125,-67.87109375
-74.70703125,-31.73828125,-37.59765625,-64.94140625
-62.98828125,-9.765625,-38.57421875,-72.265625
-66.89453125,-30.2734375,-42.48046875,-82.51953125
-87.40234375,-69.82421875,-43.45703125,-93.26171875
-110.3515625,-68.359375,-45.41015625,-101.5625
-113.28125,-12.6953125,-42.96875,-105.95703125
-101.07421875,0.0,-33.203125,-112.3046875
-100.09765625,-36.62109375,-24.90234375,-117.1875
-119.140625,-75.1953125,-25.390625,-128.90625
-137.20703125,-72.265625,-28.80859375,-138.18359375
-140.13671875,-38.57421875,-33.69140625,-136.71875
-120.1171875,-20.99609375,-37.59765625,-127.9296875
-114.2578125,-28.3203125,-36.62109375,-133.30078125
-136.23046875,-61.03515625,-21.97265625,-143.5546875
-152.83203125,-64.453125,-17.08984375,-136.23046875
-149.90234375,-33.69140625,-24.4140625,-128.41796875
-126.46484375,-0.9765625,-24.90234375,-118.65234375
-121.58203125,5.859375,-23.4375,-115.72265625
-129.8828125,-65.91796875,-30.2734375,-114.2578125
-129.8828125,-74.70703125,-31.73828125,-108.3984375
-129.39453125,-33.203125,-28.80859375,-108.88671875
-115.72265625,-20.5078125,-30.76171875,-104.00390625
-90.8203125,-19.04296875,-40.0390625,-97.16796875
-87.40234375,-65.4296875,-42.96875,-96.19140625
-102.5390625,-88.37890625,-41.50390625,-95.21484375
-99.609375,-52.734375,-49.31640625,-83.0078125
-75.1953125,-16.6015625,-46.875,-70.80078125
-52.734375,-27.83203125,-48.33984375,-65.4296875
-52.24609375,-52.734375,-54.19921875,-62.01171875
-59.5703125,-61.03515625,-51.26953125,-58.10546875
-56.640625,-75.68359375,-52.734375,-50.78125
-41.015625,-55.6640625,-51.26953125,-41.015625
-20.5078125,-8.7890625,-50.29296875,-32.2265625
-21.484375,-38.57421875,-47.8515625,-33.69140625
-37.109375,-80.56640625,-51.26953125,-33.69140625
-41.9921875,-63.96484375,-58.10546875,-27.83203125
-36.1328125,-42.48046875,-56.15234375,-24.4140625
-20.5078125,-29.78515625,-57.12890625,-21.97265625
-15.625,-42.96875,-57.12890625,-26.3671875
-30.2734375,-89.84375,-54.6875,-32.2265625
-40.0390625,-89.35546875,-52.24609375,-24.4140625
-27.83203125,-22.4609375,-50.29296875,-13.671875
-10.7421875,-22.94921875,-52.24609375,-15.13671875
-16.11328125,-61.03515625,-56.640625,-23.92578125
-32.2265625,-71.2890625,-55.17578125,-28.3203125
-43.9453125,-84.9609375,-59.08203125,-31.25
-41.015625,-54.19921875,-62.5,-28.3203125
-19.04296875,-20.5078125,-56.640625,-23.4375
-12.20703125,-41.9921875,-51.26953125,-23.92578125
-25.87890625,-74.21875,-55.6640625,-27.83203125
-30.76171875,-79.1015625,-58.59375,-25.390625
-23.92578125,-52.24609375,-58.59375,-16.6015625
-6.8359375,-14.16015625,-63.96484375,-10.7421875
3.41796875,-12.6953125,-56.15234375,-14.6484375
-5.859375,-66.40625,-49.8046875,-20.5078125
-19.04296875,-93.26171875,-58.59375,-16.6015625
-19.53125,-41.015625,-61.03515625,-13.671875
3.41796875,-5.37109375,-52.734375,-8.7890625
7.8125,-24.90234375,-52.734375,-7.32421875
-6.34765625,-55.6640625,-49.8046875,-9.27734375
-19.53125,-56.640625,-44.921875,-10.25390625
-27.34375,-50.78125,-49.31640625,-13.18359375
-16.6015625,-22.4609375,-44.43359375,-11.23046875
-15.13671875,-28.3203125,-43.45703125,-15.13671875
-29.296875,-63.4765625,-45.8984375,-19.53125
-45.41015625,-53.7109375,-45.8984375,-23.92578125
-48.828125,-55.17578125,-50.78125,-25.390625
-27.83203125,-40.0390625,-52.24609375,-21.484375
-11.71875,-25.390625,-53.22265625,-25.390625
-21.97265625,-56.15234375,-56.640625,-41.015625
-35.64453125,-69.82421875,-58.10546875,-47.36328125
-40.52734375,-57.6171875,-61.03515625,-45.41015625
-29.296875,-16.11328125,-54.6875,-45.41015625
-18.5546875,-13.18359375,-52.734375,-48.33984375
-28.80859375,-49.31640625,-59.08203125,-54.19921875
-36.1328125,-64.453125,-52.734375,-48.828125
-43.9453125,-52.734375,-45.41015625,-44.43359375
-35.15625,1.46484375,-43.45703125,-39.0625
-21.484375,-26.85546875,-44.43359375,-34.66796875
-23.92578125,-56.15234375,-44.921875,-41.9921875
-31.73828125,-62.5,-47.8515625,-44.921875
-41.9921875,-78.125,-50.78125,-36.62109375
-37.59765625,-33.203125,-51.7578125,-28.3203125
-23.4375,-20.01953125,-52.734375,-32.2265625
-23.92578125,-46.875,-50.78125,-42.48046875
-41.50390625,-81.54296875,-51.7578125,-44.921875
-51.7578125,-79.58984375,-50.78125,-36.1328125
-44.921875,-43.45703125,-46.875,-30.2734375
-29.78515625,-11.23046875,-39.55078125,-31.73828125
-30.76171875,-23.92578125,-42.96875,-36.1328125
-45.8984375,-74.70703125,-54.6875,-40.52734375
-53.7109375,-90.8203125,-57.12890625,-43.45703125
-54.6875,-49.8046875,-56.640625,-43.45703125
-48.33984375,-27.34375,-62.01171875,-46.875
-45.8984375,-37.109375,-59.08203125,-53.7109375
-49.8046875,-64.94140625,-49.8046875,-51.26953125
-60.05859375,-92.28515625,-48.828125,-48.33984375
-60.546875,-43.45703125,-52.734375,-54.6875
-44.43359375,-0.9765625,-46.38671875,-50.78125
-28.3203125,-10.25390625,-38.57421875,-41.9921875
-31.73828125,-44.921875,-39.0625,-42.48046875
-51.7578125,-56.640625,-41.50390625,-40.52734375
-58.59375,-57.12890625,-46.875,-38.57421875
-41.9921875,-30.2734375,-47.8515625,-37.109375
-32.2265625,-21.97265625,-49.31640625,-41.015625
-41.50390625,-61.03515625,-57.6171875,-46.38671875
-56.15234375,-80.078125,-62.98828125,-50.78125
-57.12890625,-61.03515625,-60.05859375,-46.38671875
-41.015625,-21.97265625,-50.29296875,-40.52734375
-27.34375,-2.9296875,-45.41015625,-38.57421875
-35.15625,-41.015625,-46.38671875,-41.015625
-56.15234375,-83.984375,-52.24609375,-49.8046875
-61.5234375,-64.94140625,-61.5234375,-46.875
-43.9453125,-12.6953125,-56.640625,-41.015625
-26.3671875,-20.01953125,-49.8046875,-43.9453125
-35.15625,-72.75390625,-46.875,-47.8515625
-58.10546875,-86.9140625,-49.31640625,-54.6875
-65.4296875,-70.3125,-51.7578125,-46.38671875
-44.921875,-21.484375,-45.41015625,-39.0625
-31.25,-14.6484375,-45.8984375,-50.29296875
-42.48046875,-57.12890625,-48.828125,-57.12890625
-56.15234375,-77.1484375,-51.7578125,-58.59375
-63.4765625,-58.10546875,-48.828125,-54.19921875
-51.7578125,-26.3671875,-44.43359375,-46.38671875
-32.2265625,-20.5078125,-41.9921875,-43.45703125
-32.2265625,-26.3671875,-41.015625,-46.875
-47.8515625,-69.82421875,-45.41015625,-47.8515625
-59.5703125,-96.19140625,-47.36328125,-48.33984375
-59.08203125,-46.875,-48.828125,-44.921875
-39.0625,-6.8359375,-47.8515625,-40.52734375
-30.2734375,-22.4609375,-45.41015625,-43.9453125
-40.52734375,-65.4296875,-46.875,-44.43359375
-53.22265625,-68.84765625,-45.41015625,-43.9453125
-48.828125,-26.3671875,-41.9921875,-40.0390625
-29.78515625,-13.18359375,-46.38671875,-33.203125
-31.73828125,-37.59765625,-53.22265625,-38.57421875
-46.875,-70.3125,-49.31640625,-43.45703125
-52.24609375,-61.03515625,-41.015625,-42.48046875
-50.29296875,-41.9921875,-35.64453125,-43.9453125
-37.59765625,-14.16015625,-41.015625,-40.52734375
-30.2734375,-16.6015625,-45.8984375,-43.45703125
-41.9921875,-73.73046875,-44.921875,-47.8515625
-57.12890625,-80.56640625,-49.31640625,-43.45703125
-58.59375,-44.43359375,-59.5703125,-38.57421875
-39.0625,-10.7421875,-61.5234375,-35.64453125
-30.2734375,-21.97265625,-54.19921875,-39.0625
-39.0625,-63.4765625,-49.31640625,-47.8515625
-52.734375,-79.58984375,-44.921875,-45.8984375
-62.98828125,-51.26953125,-45.41015625,-42.96875
-53.22265625,-4.39453125,-46.38671875,-48.828125
-42.96875,-33.203125,-45.8984375,-50.78125
-48.33984375,-70.3125,-44.43359375,-53.22265625
-61.5234375,-70.80078125,-46.38671875,-59.08203125
-68.359375,-60.546875,-54.19921875,-60.05859375
-52.24609375,-19.53125,-57.6171875,-52.734375
-39.0625,-13.671875,-57.6171875,-47.36328125
-39.0625,-64.94140625,-49.8046875,-47.36328125
-46.38671875,-80.078125,-46.38671875,-49.8046875
-56.640625,-65.91796875,-50.29296875,-41.50390625
-41.015625,-23.92578125,-52.24609375,-34.66796875
-26.85546875,0.0,-47.36328125,-37.109375
-24.90234375,-21.97265625,-38.57421875,-33.203125
-37.109375,-78.61328125,-40.0390625,-32.2265625
-52.24609375,-80.078125,-41.015625,-35.15625
-42.48046875,-25.87890625,-44.43359375,-34.1796875
-33.69140625,-20.5078125,-52.24609375,-35.64453125
-37.109375,-48.828125,-52.24609375,-42.96875
-51.26953125,-69.82421875,-54.19921875,-45.41015625
-57.12890625,-64.453125,-51.26953125,-37.59765625
-51.7578125,-25.87890625,-45.8984375,-39.55078125
-39.0625,-5.37109375,-41.9921875,-40.0390625
-43.45703125,-55.17578125,-35.64453125,-43.45703125
-58.59375,-74.21875,-37.109375,-54.6875
-64.94140625,-52.734375,-41.50390625,-51.26953125
-61.5234375,-39.55078125,-41.015625,-47.36328125
-43.45703125,-25.87890625,-42.96875,-47.8515625
-37.109375,-27.83203125,-45.41015625,-42.96875
-49.31640625,-73.2421875,-46.38671875,-44.921875
-62.5,-86.42578125,-44.43359375,-48.33984375
-55.6640625,-35.64453125,-37.59765625,-33.203125
-29.296875,-6.8359375,-32.71484375,-24.4140625
-23.4375,-22.94921875,-37.109375,-34.1796875
-39.55078125,-61.03515625,-40.0390625,-40.52734375
-53.7109375,-68.84765625,-32.2265625,-38.57421875
-51.7578125,-28.80859375,-34.66796875,-32.2265625
-36.1328125,6.8359375,-37.109375,-29.78515625
-31.73828125,-23.92578125,-34.1796875,-32.2265625
-41.50390625,-81.0546875,-31.25,-39.55078125
-59.5703125,-86.42578125,-30.76171875,-45.41015625
-63.4765625,-54.19921875,-30.76171875,-41.9921875
-46.875,-16.6015625,-32.2265625,-39.55078125
-34.66796875,-13.671875,-36.62109375,-43.9453125
-38.57421875,-58.10546875,-37.59765625,-49.31640625
-55.17578125,-76.66015625,-45.41015625,-52.24609375
-64.453125,-57.6171875,-55.17578125,-54.6875
-52.24609375,-36.1328125,-53.7109375,-49.31640625
-36.1328125,-26.85546875,-43.45703125,-39.55078125
-40.52734375,-42.48046875,-43.9453125,-49.8046875
-55.17578125,-89.35546875,-49.8046875,-63.4765625
-61.03515625,-76.171875,-47.8515625,-52.734375
-48.828125,-22.4609375,-47.36328125,-40.52734375
-36.1328125,-33.203125,-49.8046875,-38.0859375
-43.9453125,-65.4296875,-47.8515625,-40.0390625
-60.546875,-82.51953125,-51.26953125,-41.9921875
-67.87109375,-66.89453125,-48.828125,-39.0625
-56.15234375,-32.2265625,-49.31640625,-35.15625
-36.62109375,-15.625,-49.31640625,-31.73828125
-38.0859375,-50.29296875,-38.57421875,-39.55078125
-47.36328125,-78.61328125,-38.57421875,-46.875
-51.7578125,-64.94140625,-42.96875,-42.96875
-46.38671875,-31.25,-40.0390625,-40.52734375
-36.1328125,-22.4609375,-40.52734375,-41.50390625
-38.0859375,-35.64453125,-41.50390625,-45.8984375
-50.78125,-69.82421875,-41.50390625,-49.31640625
-57.6171875,-67.87109375,-45.8984375,-41.9921875
-51.26953125,-23.92578125,-51.7578125,-35.64453125
-40.0390625,-24.4140625,-47.36328125,-46.875
-37.109375,-38.57421875,-40.52734375,-62.01171875
-48.828125,-73.2421875,-45.8984375,-66.40625
-62.01171875,-79.58984375,-54.6875,-57.12890625
-62.98828125,-33.69140625,-55.17578125,-54.19921875
-49.31640625,-1.46484375,-50.78125,-53.7109375
-41.50390625,-41.015625,-42.48046875,-51.26953125
-54.6875,-87.890625,-38.57421875,-54.6875
-65.91796875,-83.49609375,-38.0859375,-55.6640625
-61.5234375,-56.15234375,-43.9453125,-46.38671875
-45.8984375,-18.06640625,-44.921875,-39.0625
-34.66796875,-19.04296875,-43.45703125,-45.41015625
-39.0625,-65.91796875,-49.31640625,-46.875
-55.17578125,-83.0078125,-48.828125,-42.48046875
-61.5234375,-48.828125,-48.33984375,-41.015625
-46.38671875,-26.3671875,-51.26953125,-45.8984375
-35.64453125,-26.3671875,-51.7578125,-52.24609375
-41.015625,-40.0390625,-41.9921875,-48.33984375
-55.6640625,-82.51953125,-37.59765625,-49.31640625
-64.453125,-77.1484375,-41.9921875,-45.8984375
-55.6640625,-25.87890625,-43.45703125,-38.57421875
-41.9921875,-24.90234375,-45.8984375,-41.9921875
-44.921875,-56.15234375,-47.36328125,-48.33984375
-65.91796875,-81.0546875,-53.22265625,-50.29296875
-76.66015625,-71.2890625,-52.734375,-42.48046875
-65.4296875,-25.87890625,-53.22265625,-44.921875
-47.8515625,-14.16015625,-48.828125,-46.38671875
-55.17578125,-53.7109375,-42.96875,-46.875
-70.80078125,-82.03125,-43.9453125,-52.734375
-68.84765625,-48.33984375,-46.38671875,-46.875
-56.15234375,-14.16015625,-47.8515625,-49.31640625
-43.9453125,-36.1328125,-46.875,-55.17578125
-43.9453125,-55.17578125,-42.96875,-54.6875
-51.26953125,-68.84765625,-41.9921875,-54.19921875
-55.6640625,-69.3359375,-53.22265625,-46.875
-51.26953125,-24.4140625,-55.6640625,-41.9921875
-42.96875,-8.30078125,-46.38671875,-42.96875
-45.41015625,-42.96875,-40.52734375,-45.41015625
-55.6640625,-73.73046875,-38.0859375,-48.33984375
-71.77734375,-82.51953125,-43.45703125,-47.8515625
-72.265625,-46.875,-45.8984375,-48.828125
-48.828125,-5.859375,-45.41015625,-52.734375
-36.62109375,-48.828125,-49.8046875,-53.7109375
-41.015625,-75.68359375,-51.26953125,-51.26953125
-49.31640625,-62.98828125,-52.734375,-46.875
-54.19921875,-54.19921875,-53.7109375,-45.8984375
-36.62109375,-19.53125,-44.921875,-44.43359375
-22.4609375,-31.25,-36.62109375,-46.875
-39.0625,-71.2890625,-41.015625,-59.08203125
-55.6640625,-81.0546875,-41.50390625,-62.01171875
-56.640625,-46.38671875,-43.45703125,-60.546875
-41.9921875,-12.20703125,-46.38671875,-59.08203125
-30.2734375,-14.6484375,-46.875,-53.22265625
-39.55078125,-43.45703125,-44.921875,-55.17578125
-56.15234375,-82.51953125,-42.48046875,-53.7109375
-56.640625,-67.3828125,-46.38671875,-41.50390625
-43.45703125,-11.71875,-47.36328125,-36.1328125
-38.0859375,-31.25,-50.29296875,-41.015625
-47.36328125,-65.91796875,-50.78125,-45.8984375
-62.5,-73.73046875,-44.921875,-45.41015625
-70.3125,-71.2890625,-40.52734375,-40.0390625
-55.17578125,-26.85546875,-41.50390625,-35.64453125
-39.55078125,-20.99609375,-42.96875,-41.015625
-51.26953125,-55.6640625,-42.96875,-47.36328125
-62.98828125,-68.84765625,-49.8046875,-52.734375
-65.91796875,-52.734375,-52.24609375,-53.7109375
-53.7109375,-26.3671875,-45.8984375,-46.38671875
-34.66796875,-23.92578125,-41.50390625,-43.45703125
-43.45703125,-53.22265625,-43.45703125,-53.22265625
-57.6171875,-86.42578125,-49.31640625,-61.03515625
-57.12890625,-69.82421875,-51.26953125,-46.875
-48.828125,-21.484375,-45.41015625,-46.875
-36.62109375,-18.5546875,-37.59765625,-51.26953125
-33.203125,-40.0390625,-35.15625,-50.29296875
-48.33984375,-68.359375,-41.9921875,-50.29296875
-62.98828125,-89.35546875,-48.828125,-48.828125
-52.24609375,-28.3203125,-50.29296875,-49.8046875
-31.25,10.25390625,-50.78125,-45.8984375
-34.66796875,-42.48046875,-54.6875,-52.734375
-52.734375,-85.9375,-48.828125,-60.546875
-56.640625,-86.42578125,-43.45703125,-52.24609375
-48.33984375,-37.59765625,-42.48046875,-42.48046875
-35.15625,6.34765625,-37.59765625,-31.73828125
-34.1796875,-29.78515625,-41.015625,-30.2734375
-46.38671875,-72.265625,-39.0625,-39.55078125
-55.17578125,-67.3828125,-37.109375,-37.59765625
-55.17578125,-29.78515625,-44.43359375,-38.57421875
-43.45703125,-5.859375,-45.8984375,-45.8984375
-41.015625,-13.18359375,-54.19921875,-50.29296875
-50.78125,-49.8046875,-58.10546875,-55.6640625
-61.03515625,-62.98828125,-44.921875,-56.15234375
-61.5234375,-45.8984375,-45.8984375,-52.24609375
-41.9921875,-32.71484375,-47.36328125,-49.31640625
-30.2734375,-30.2734375,-40.0390625,-53.7109375
-39.0625,-71.2890625,-41.015625,-56.15234375
-47.36328125,-84.47265625,-46.38671875,-50.78125
-47.8515625,-47.36328125,-52.24609375,-45.8984375
-37.59765625,-13.18359375,-52.24609375,-44.43359375
-29.78515625,-18.5546875,-51.7578125,-44.43359375
-41.50390625,-61.03515625,-46.38671875,-45.8984375
-53.22265625,-70.3125,-44.43359375,-50.78125
-52.24609375,-35.15625,-52.24609375,-45.8984375
-44.43359375,-24.90234375,-48.828125,-45.8984375
-37.59765625,-21.484375,-47.36328125,-46.38671875
-46.38671875,-61.03515625,-48.33984375,-46.38671875
-65.4296875,-92.7734375,-45.41015625,-52.734375
-68.359375,-59.08203125,-41.9921875,-45.41015625
-54.6875,-23.4375,-43.45703125,-41.015625
-37.59765625,-19.53125,-46.38671875,-41.50390625
-42.48046875,-55.17578125,-50.78125,-42.48046875
-59.08203125,-76.171875,-52.734375,-43.9453125
-64.453125,-70.80078125,-55.6640625,-42.96875
-56.15234375,-30.76171875,-52.24609375,-46.875
-35.64453125,8.7890625,-40.0390625,-46.875
-40.0390625,-39.55078125,-38.57421875,-47.36328125
-58.59375,-95.703125,-39.55078125,-48.828125
-57.12890625,-72.265625,-38.57421875,-39.55078125
-40.52734375,-22.4609375,-44.43359375,-39.55078125
-24.4140625,-2.9296875,-45.41015625,-43.45703125
-26.3671875,-29.78515625,-53.22265625,-51.26953125
-42.96875,-80.56640625,-59.5703125,-58.59375
-53.22265625,-76.66015625,-54.19921875,-49.8046875
-46.38671875,-31.25,-63.4765625,-41.50390625
-39.55078125,-16.11328125,-63.4765625,-40.52734375
-45.41015625,-30.2734375,-45.8984375,-45.8984375
-53.7109375,-42.96875,-36.1328125,-48.828125
-65.4296875,-78.125,-38.57421875,-50.78125
-64.94140625,-58.59375,-42.96875,-48.33984375
-41.9921875,-12.6953125,-42.96875,-44.921875
-33.69140625,-30.76171875,-41.015625,-45.8984375
-44.43359375,-71.77734375,-41.015625,-53.7109375
-57.6171875,-79.1015625,-47.8515625,-51.26953125
-55.17578125,-42.96875,-48.828125,-40.52734375
-34.66796875,-11.71875,-51.26953125,-31.73828125
-31.25,-17.578125,-58.10546875,-33.69140625
-42.96875,-76.66015625,-51.7578125,-38.57421875
-56.640625,-90.33203125,-38.57421875,-36.62109375
-60.05859375,-31.73828125,-41.015625,-39.55078125
-46.38671875,-22.4609375,-46.38671875,-45.41015625
-41.9921875,-51.7578125,-41.015625,-51.7578125
-50.29296875,-76.66015625,-41.9921875,-52.734375
-61.03515625,-79.1015625,-45.41015625,-53.22265625
-63.96484375,-56.15234375,-44.921875,-54.6875
-47.8515625,-18.06640625,-41.50390625,-50.29296875
-40.0390625,-21.97265625,-40.0390625,-49.8046875
-47.8515625,-76.171875,-45.41015625,-55.6640625
-62.5,-77.1484375,-46.875,-55.6640625
-67.3828125,-48.33984375,-41.9921875,-54.19921875
-50.29296875,-7.8125,-34.66796875,-47.8515625
-35.64453125,7.32421875,-35.15625,-44.921875
-42.96875,-50.29296875,-46.38671875,-45.8984375
-58.59375,-90.33203125,-48.33984375,-48.33984375
-59.5703125,-74.21875,-44.43359375,-46.38671875
-41.50390625,-27.34375,-47.8515625,-30.76171875
-24.4140625,-20.99609375,-40.52734375,-23.92578125
-22.94921875,-53.7109375,-31.25,-30.2734375
-43.45703125,-77.1484375,-31.25,-39.55078125
-60.05859375,-74.21875,-33.69140625,-39.0625
-53.22265625,-30.76171875,-41.50390625,-33.203125
-38.57421875,-22.4609375,-44.921875,-37.109375
-44.43359375,-46.38671875,-45.41015625,-45.41015625
-58.10546875,-60.05859375,-48.33984375,-48.33984375
-65.4296875,-93.75,-51.26953125,-52.734375
-51.7578125,-48.33984375,-48.33984375,-52.734375
-36.1328125,-12.6953125,-48.33984375,-49.31640625
-40.52734375,-61.5234375,-52.24609375,-61.03515625
-45.8984375,-76.171875,-49.31640625,-64.94140625
-55.17578125,-71.2890625,-49.8046875,-55.6640625
-50.29296875,-36.1328125,-51.7578125,-48.33984375
-30.2734375,-12.6953125,-51.7578125,-38.57421875
-27.83203125,-28.3203125,-52.734375,-36.1328125
-41.9921875,-67.3828125,-50.29296875,-42.48046875
-50.78125,-63.4765625,-45.8984375,-35.64453125
-53.7109375,-20.99609375,-44.921875,-26.3671875
-40.0390625,-17.08984375,-41.9921875,-26.3671875
-29.78515625,-39.55078125,-42.48046875,-33.203125
-42.96875,-71.77734375,-46.875,-36.62109375
-52.734375,-73.73046875,-40.0390625,-34.66796875
-50.78125,-35.15625,-39.0625,-32.2265625
-36.62109375,-6.8359375,-46.875,-35.64453125
-27.34375,-29.78515625,-47.36328125,-45.8984375
-37.59765625,-59.5703125,-48.33984375,-56.15234375
-55.17578125,-57.6171875,-50.78125,-59.08203125
-59.08203125,-37.59765625,-46.875,-49.8046875
-51.7578125,-5.859375,-46.38671875,-45.8984375
-41.9921875,-2.9296875,-47.36328125,-58.59375
-41.9921875,-66.40625,-50.29296875,-64.453125
-59.5703125,-95.21484375,-57.6171875,-62.01171875
-63.4765625,-69.3359375,-51.7578125,-50.29296875
-42.48046875,-20.5078125,-42.48046875,-38.0859375
-39.0625,-13.671875,-39.0625,-42.96875
-50.29296875,-46.38671875,-36.1328125,-52.734375
-57.6171875,-73.2421875,-41.50390625,-48.828125
-64.94140625,-58.10546875,-47.36328125,-43.9453125
-54.19921875,-17.578125,-44.921875,-40.52734375
-39.0625,-25.87890625,-45.8984375,-39.0625
-41.9921875,-48.33984375,-47.36328125,-48.33984375
-55.17578125,-61.5234375,-50.78125,-55.17578125
-64.453125,-74.21875,-58.59375,-50.29296875
-48.828125,-38.0859375,-57.12890625,-38.57421875
-31.73828125,-11.23046875,-48.33984375,-41.9921875
-29.78515625,-34.1796875,-39.55078125,-49.31640625
-44.921875,-66.40625,-42.96875,-48.33984375
-61.03515625,-73.2421875,-52.734375,-46.38671875
-57.12890625,-36.62109375,-51.26953125,-46.38671875
-44.43359375,-17.08984375,-44.921875,-41.9921875
-42.96875,-41.9921875,-45.41015625,-45.41015625
-56.640625,-76.171875,-50.29296875,-54.6875
-63.96484375,-71.77734375,-48.33984375,-51.26953125
-56.15234375,-13.671875,-46.38671875,-42.48046875
-42.48046875,-17.578125,-49.8046875,-43.9453125
-44.921875,-66.40625,-55.6640625,-49.31640625
-52.734375,-79.1015625,-56.15234375,-48.828125
-62.98828125,-81.0546875,-57.12890625,-47.36328125
-64.94140625,-42.48046875,-60.05859375,-42.48046875
-40.0390625,-5.37109375,-54.19921875,-39.0625
-35.15625,-20.01953125,-47.36328125,-43.45703125
-49.31640625,-64.453125,-49.8046875,-48.33984375
-57.6171875,-79.1015625,-45.8984375,-50.29296875
-55.6640625,-42.48046875,-41.50390625,-44.921875
-43.9453125,-13.18359375,-55.6640625,-47.8515625
-38.0859375,-2.44140625,-55.6640625,-56.640625
-43.45703125,-65.4296875,-48.828125,-57.6171875
-55.6640625,-91.30859375,-50.29296875,-59.08203125
-54.6875,-49.31640625,-43.9453125,-52.734375
-41.9921875,-30.2734375,-41.50390625,-44.43359375
-35.64453125,-27.34375,-40.52734375,-39.55078125
-44.921875,-63.96484375,-40.52734375,-47.36328125
-63.4765625,-77.1484375,-48.33984375,-57.6171875
-67.87109375,-55.17578125,-56.15234375,-54.19921875
-48.828125,-10.7421875,-52.734375,-45.41015625
-33.69140625,-20.5078125,-56.640625,-48.33984375
-41.9921875,-62.98828125,-57.12890625,-54.6875
-55.6640625,-59.08203125,-51.7578125,-56.640625
-60.546875,-70.80078125,-47.36328125,-56.15234375
-51.7578125,-44.43359375,-45.8984375,-58.10546875
-33.203125,-19.04296875,-48.33984375,-54.6875
-35.64453125,-62.5,-47.36328125,-57.6171875
-57.12890625,-79.1015625,-45.41015625,-69.3359375
-63.96484375,-73.73046875,-48.33984375,-65.91796875
-55.17578125,-43.9453125,-49.8046875,-56.15234375
-43.45703125,-18.06640625,-52.734375,-54.6875
-42.96875,-39.0625,-53.7109375,-60.05859375
-58.10546875,-70.80078125,-46.38671875,-62.98828125
-77.63671875,-64.94140625,-46.875,-56.640625
-73.2421875,-8.30078125,-49.31640625,-55.17578125
-53.22265625,-20.01953125,-47.36328125,-51.26953125
-48.33984375,-56.15234375,-47.8515625,-47.8515625
-48.828125,-72.265625,-48.33984375,-48.828125
-60.546875,-73.2421875,-52.734375,-47.8515625
-55.17578125,-29.78515625,-55.17578125,-36.1328125
-34.66796875,-14.16015625,-53.7109375,-30.76171875
-36.62109375,-40.0390625,-47.8515625,-37.59765625
-48.33984375,-66.89453125,-41.015625,-40.52734375
-61.03515625,-69.82421875,-44.921875,-43.45703125
-58.10546875,-54.6875,-52.24609375,-41.015625
-35.64453125,-0.9765625,-45.41015625,-40.0390625
-30.76171875,-6.8359375,-36.62109375,-51.26953125
-43.45703125,-79.58984375,-41.015625,-59.08203125
-56.15234375,-91.796875,-45.8984375,-58.10546875
-57.12890625,-46.875,-44.921875,-47.36328125
-42.96875,-9.27734375,-43.45703125,-39.55078125
-34.66796875,-28.80859375,-44.43359375,-43.9453125
-40.52734375,-69.3359375,-44.43359375,-47.36328125
-52.24609375,-75.1953125,-42.96875,-44.921875
-51.26953125,-49.8046875,-43.45703125,-45.41015625
-32.71484375,-11.71875,-48.828125,-43.9453125
-17.578125,-13.18359375,-48.828125,-41.50390625
-25.87890625,-40.52734375,-48.33984375,-41.9921875
-44.921875,-49.8046875,-54.19921875,-42.48046875
-50.78125,-61.03515625,-53.7109375,-37.59765625
-41.50390625,-31.25,-52.24609375,-34.1796875
-35.15625,-12.20703125,-49.8046875,-31.25
-37.59765625,-55.6640625,-40.52734375,-26.3671875
-49.31640625,-66.40625,-39.55078125,-28.80859375
-63.96484375,-54.6875,-43.9453125,-28.80859375
-51.7578125,-26.85546875,-40.0390625,-27.34375
-32.2265625,-15.13671875,-38.0859375,-24.4140625
-35.15625,-46.875,-49.31640625,-34.66796875
-47.36328125,-69.82421875,-49.31640625,-45.41015625
-60.546875,-64.94140625,-41.9921875,-43.9453125
-61.03515625,-11.23046875,-41.50390625,-43.9453125
-55.17578125,-25.390625,-46.38671875,-49.8046875
-56.640625,-54.19921875,-44.921875,-55.17578125
-64.453125,-59.08203125,-39.55078125,-57.6171875
-72.75390625,-81.54296875,-41.50390625,-52.734375
-63.96484375,-32.71484375,-46.38671875,-43.45703125
-43.9453125,-4.8828125,-46.875,-44.43359375
-36.1328125,-43.45703125,-45.8984375,-51.7578125
-49.31640625,-72.265625,-48.828125,-59.08203125
-56.15234375,-68.359375,-48.33984375,-51.7578125
-47.36328125,-25.390625,-43.9453125,-43.9453125
-34.1796875,-3.41796875,-41.015625,-39.55078125
-32.71484375,-26.3671875,-40.0390625,-39.55078125
-41.015625,-70.80078125,-41.015625,-46.875
-56.15234375,-92.28515625,-44.921875,-46.38671875
-62.5,-40.0390625,-46.38671875,-41.015625
-41.9921875,-15.13671875,-41.50390625,-42.48046875
-35.64453125,-15.13671875,-42.48046875,-50.29296875
-48.828125,-54.6875,-41.9921875,-51.7578125
-58.10546875,-94.23828125,-42.48046875,-49.8046875
-54.6875,-52.734375,-45.41015625,-43.9453125
-36.62109375,-6.8359375,-40.52734375,-37.109375
-31.25,-20.99609375,-38.0859375,-46.875
-46.38671875,-71.2890625,-42.48046875,-62.98828125
-64.94140625,-64.94140625,-54.19921875,-62.5
-63.4765625,-41.9921875,-59.08203125,-52.734375
-44.921875,-32.71484375,-55.17578125,-52.734375
-41.015625,-25.390625,-51.26953125,-55.6640625
-48.828125,-58.59375,-49.8046875,-61.03515625
-53.7109375,-79.58984375,-50.78125,-58.10546875
-56.640625,-59.08203125,-51.26953125,-45.41015625
-46.38671875,-26.3671875,-46.875,-43.9453125
-32.2265625,-12.20703125,-44.43359375,-49.8046875
-42.96875,-48.828125,-43.45703125,-56.15234375
-63.4765625,-87.890625,-41.9921875,-57.12890625
-62.5,-55.17578125,-47.8515625,-42.96875
-46.875,-10.7421875,-52.734375,-39.55078125
-34.66796875,-28.3203125,-52.24609375,-47.36328125
-39.0625,-79.1015625,-44.921875,-51.26953125
-50.78125,-89.35546875,-39.55078125,-54.19921875
-59.08203125,-62.98828125,-48.33984375,-57.6171875
-48.828125,-15.625,-51.7578125,-53.22265625
-33.203125,-11.71875,-43.45703125,-50.29296875
-38.57421875,-42.96875,-46.875,-58.59375
-58.10546875,-73.73046875,-59.5703125,-68.359375
-66.40625,-70.80078125,-56.15234375,-64.453125
-63.96484375,-35.64453125,-49.8046875,-52.734375
-45.8984375,-21.97265625,-55.17578125,-48.828125
-41.50390625,-32.2265625,-53.22265625,-52.734375
-65.4296875,-93.26171875,-49.31640625,-60.546875
-70.80078125,-109.86328125,-45.8984375,-50.29296875
-53.22265625,-35.15625,-48.33984375,-35.15625
-37.59765625,-9.765625,-55.6640625,-38.0859375
-36.62109375,-46.38671875,-47.36328125,-46.38671875
-46.875,-76.66015625,-43.45703125,-51.7578125
-52.24609375,-71.2890625,-59.5703125,-47.36328125
-46.38671875,-32.2265625,-65.91796875,-39.55078125
-39.55078125,-16.11328125,-59.5703125,-43.9453125
-37.109375,-38.0859375,-56.15234375,-49.31640625
-44.921875,-60.05859375,-49.31640625,-53.7109375
-56.15234375,-52.734375,-43.9453125,-53.7109375
-59.5703125,-40.52734375,-50.29296875,-45.41015625
-46.38671875,-14.16015625,-46.38671875,-39.55078125
-36.1328125,-18.5546875,-39.55078125,-37.109375
-51.7578125,-75.1953125,-46.875,-49.8046875
-65.4296875,-76.66015625,-52.734375,-56.15234375
-58.59375,-37.59765625,-44.921875,-44.921875
-43.9453125,-14.16015625,-41.015625,-44.43359375
-37.59765625,-26.85546875,-50.78125,-49.8046875
-42.48046875,-59.08203125,-50.29296875,-53.22265625
-60.546875,-74.21875,-43.9453125,-53.7109375
-62.98828125,-42.96875,-47.36328125,-56.640625
-43.9453125,-0.48828125,-53.7109375,-56.15234375
-31.73828125,-21.484375,-48.828125,-50.29296875
-40.52734375,-74.21875,-51.26953125,-56.640625
-52.734375,-86.42578125,-53.22265625,-62.01171875
-60.546875,-63.96484375,-51.7578125,-58.10546875
-46.38671875,-24.90234375,-56.15234375,-51.26953125
-29.296875,-4.39453125,-49.31640625,-44.43359375
-37.59765625,-49.31640625,-46.38671875,-46.875
-52.24609375,-84.47265625,-47.36328125,-46.875
-58.59375,-60.546875,-45.8984375,-39.0625
-45.8984375,-18.06640625,-41.9921875,-38.0859375
-32.2265625,-16.6015625,-43.9453125,-42.48046875
-38.57421875,-40.52734375,-50.78125,-46.38671875
-52.24609375,-80.56640625,-50.78125,-48.33984375
-60.05859375,-78.61328125,-50.78125,-44.43359375
-55.6640625,-31.25,-52.734375,-46.38671875
-44.43359375,-36.1328125,-51.7578125,-49.31640625
-43.45703125,-54.6875,-45.41015625,-50.29296875
-56.640625,-64.94140625,-45.41015625,-50.78125
-64.94140625,-58.59375,-47.36328125,-45.8984375
-51.7578125,-21.97265625,-43.9453125,-39.55078125
-32.71484375,-5.37109375,-42.96875,-40.52734375
-34.66796875,-40.0390625,-48.33984375,-53.22265625
-42.48046875,-70.80078125,-54.19921875,-56.640625
-44.921875,-47.36328125,-51.26953125,-45.8984375
-39.0625,-27.83203125,-46.875,-42.48046875
-27.83203125,-31.25,-46.875,-46.38671875
-28.3203125,-35.64453125,-47.36328125,-48.33984375
-47.36328125,-69.82421875,-48.828125,-58.59375
-63.4765625,-75.68359375,-57.6171875,-56.640625
-55.6640625,-32.71484375,-58.10546875,-49.31640625
-42.48046875,-17.08984375,-45.41015625,-53.7109375
-45.8984375,-36.62109375,-43.9453125,-59.08203125
-55.17578125,-72.265625,-48.33984375,-57.6171875
-66.40625,-90.33203125,-48.828125,-54.6875
-70.3125,-49.8046875,-42.48046875,-53.22265625
-54.19921875,-7.32421875,-35.15625,-47.8515625
-42.48046875,-23.92578125,-35.64453125,-49.31640625
-49.31640625,-87.40234375,-42.48046875,-50.29296875
-65.4296875,-103.515625,-47.8515625,-53.22265625
-64.453125,-45.8984375,-49.8046875,-50.78125
-43.45703125,-6.8359375,-42.96875,-45.41015625
-32.2265625,-30.76171875,-40.52734375,-48.33984375
-40.52734375,-64.453125,-45.8984375,-55.6640625
-58.10546875,-85.9375,-44.921875,-62.01171875
-59.08203125,-68.359375,-46.38671875,-53.22265625
-40.0390625,-17.08984375,-47.36328125,-41.9921875
-31.73828125,-16.11328125,-49.31640625,-40.52734375
-38.0859375,-35.64453125,-52.24609375,-43.45703125
-52.734375,-80.078125,-51.7578125,-53.22265625
-64.453125,-74.21875,-50.78125,-53.7109375
-48.33984375,-13.18359375,-53.22265625,-47.8515625
-39.0625,-32.2265625,-50.78125,-56.15234375
-48.33984375,-66.40625,-47.36328125,-57.6171875
-55.17578125,-77.1484375,-47.8515625,-57.12890625
-60.546875,-63.4765625,-41.9921875,-49.31640625
-49.31640625,-19.53125,-40.52734375,-38.0859375
-30.76171875,-6.34765625,-43.45703125,-40.52734375
-30.76171875,-53.22265625,-42.96875,-42.48046875
-44.921875,-77.63671875,-43.9453125,-42.96875
-55.6640625,-54.19921875,-51.26953125,-43.9453125
-53.7109375,-35.64453125,-57.6171875,-39.55078125
-43.9453125,-36.1328125,-46.38671875,-41.50390625
-46.875,-48.33984375,-38.0859375,-52.734375
-64.453125,-76.66015625,-41.9921875,-54.6875
-70.80078125,-64.94140625,-43.9453125,-50.78125
-62.5,-27.83203125,-42.48046875,-47.8515625
-44.921875,-28.80859375,-46.38671875,-37.59765625
-40.52734375,-41.015625,-51.26953125,-36.1328125
-51.26953125,-79.58984375,-53.7109375,-43.9453125
-55.17578125,-88.37890625,-52.24609375,-40.0390625
-52.24609375,-40.0390625,-48.828125,-41.9921875
-40.0390625,-3.90625,-47.36328125,-47.8515625
-35.64453125,-41.9921875,-47.8515625,-47.36328125
-44.43359375,-91.30859375,-44.921875,-54.6875
-55.17578125,-76.171875,-44.43359375,-54.19921875
-56.15234375,-42.48046875,-49.31640625,-41.9921875
-41.9921875,-25.87890625,-49.31640625,-38.57421875
-34.1796875,-23.92578125,-42.96875,-41.50390625
-39.55078125,-59.08203125,-41.50390625,-40.52734375
-55.6640625,-68.359375,-46.38671875,-44.921875
-62.98828125,-41.50390625,-45.41015625,-41.50390625
-49.31640625,-24.90234375,-49.8046875,-31.73828125
-38.57421875,-22.4609375,-49.8046875,-32.2265625
-43.45703125,-40.0390625,-50.29296875,-42.96875
-54.6875,-77.1484375,-47.8515625,-43.9453125
-60.05859375,-72.75390625,-45.41015625,-40.0390625
-39.0625,-14.16015625,-44.43359375,-43.45703125
-19.04296875,-15.13671875,-40.52734375,-43.9453125
-27.34375,-59.5703125,-43.45703125,-53.22265625
-47.8515625,-77.63671875,-50.29296875,-60.05859375
-55.6640625,-54.6875,-53.7109375,-51.26953125
-40.52734375,-9.765625,-58.10546875,-44.921875
-22.4609375,-13.671875,-50.29296875,-40.52734375
-29.296875,-72.75390625,-39.0625,-41.9921875
-46.38671875,-80.078125,-42.48046875,-41.015625
-46.38671875,-41.9921875,-40.0390625,-27.34375
-37.109375,-31.25,-36.1328125,-26.85546875
-28.3203125,-36.62109375,-38.57421875,-30.2734375
-37.109375,-55.6640625,-40.52734375,-40.0390625
-56.15234375,-73.2421875,-41.015625,-48.828125
-66.40625,-67.87109375,-41.50390625,-43.9453125
-55.6640625,-26.85546875,-43.9453125,-38.57421875
-40.0390625,-7.32421875,-44.43359375,-40.52734375
-44.43359375,-35.15625,-43.9453125,-48.33984375
-56.640625,-70.80078125,-54.6875,-53.22265625
-64.453125,-72.75390625,-54.6875,-50.78125
-61.5234375,-32.2265625,-45.41015625,-48.33984375
-41.015625,-3.41796875,-42.48046875,-47.8515625
-31.25,-43.45703125,-41.9921875,-52.734375
-44.43359375,-89.35546875,-45.8984375,-57.12890625
-54.19921875,-78.125,-48.33984375,-47.8515625
-49.8046875,-45.41015625,-48.33984375,-41.9921875
-38.57421875,-25.390625,-43.45703125,-44.921875
-36.62109375,-25.87890625,-42.48046875,-45.41015625
-42.96875,-54.6875,-48.33984375,-43.45703125
-56.640625,-84.47265625,-50.29296875,-45.8984375
-57.6171875,-35.64453125,-44.43359375,-44.921875
-35.15625,0.48828125,-35.15625,-38.0859375
-34.1796875,-28.80859375,-39.0625,-46.875
-53.22265625,-49.31640625,-49.31640625,-59.5703125
-60.05859375,-72.75390625,-46.38671875,-54.19921875
-60.05859375,-64.453125,-42.48046875,-47.36328125
-42.96875,-17.578125,-48.828125,-43.9453125
-33.203125,-18.5546875,-48.33984375,-41.015625
-43.9453125,-55.17578125,-41.9921875,-45.41015625
-59.5703125,-71.2890625,-43.45703125,-50.78125
-65.91796875,-65.4296875,-43.9453125,-53.7109375
-48.33984375,-18.5546875,-44.43359375,-46.38671875
-30.76171875,-12.6953125,-48.33984375,-42.96875
-41.015625,-62.98828125,-44.43359375,-54.6875
-58.10546875,-68.359375,-41.50390625,-56.640625
-57.12890625,-35.15625,-44.43359375,-46.38671875
-41.50390625,-23.4375,-46.875,-42.48046875
-25.87890625,-20.01953125,-48.33984375,-36.62109375
-32.71484375,-45.41015625,-43.9453125,-39.55078125
-50.78125,-82.03125,-42.48046875,-50.78125
-61.03515625,-70.3125,-49.31640625,-49.31640625
-59.5703125,-34.1796875,-52.734375,-49.8046875
-51.7578125,-30.2734375,-47.36328125,-57.12890625
-54.6875,-55.6640625,-44.43359375,-62.98828125
-67.3828125,-73.2421875,-48.33984375,-64.94140625
-78.61328125,-87.890625,-59.5703125,-61.5234375
-69.3359375,-32.71484375,-59.08203125,-50.78125
-48.33984375,13.18359375,-43.9453125,-41.9921875
-52.734375,-51.7578125,-41.015625,-53.22265625
-62.5,-94.23828125,-41.9921875,-58.59375
-61.03515625,-70.3125,-42.48046875,-49.31640625
-48.33984375,-31.25,-43.45703125,-46.875
-26.3671875,-16.11328125,-38.0859375,-43.45703125
-22.94921875,-40.0390625,-34.66796875,-43.9453125
-33.203125,-68.359375,-36.62109375,-45.8984375
-39.55078125,-74.70703125,-39.0625,-40.0390625
-39.55078125,-38.57421875,-43.9453125,-32.2265625
-26.3671875,-12.6953125,-48.33984375,-30.2734375
-23.92578125,-25.87890625,-48.828125,-41.015625
-36.1328125,-45.41015625,-50.29296875,-43.45703125
-49.31640625,-84.9609375,-56.15234375,-41.9921875
-54.6875,-63.4765625,-55.6640625,-41.9921875
-32.71484375,-4.8828125,-50.29296875,-33.203125
-23.4375,-24.90234375,-45.41015625,-38.57421875
-45.41015625,-81.0546875,-45.41015625,-53.22265625
-68.359375,-105.95703125,-45.8984375,-53.7109375
-64.94140625,-63.96484375,-44.43359375,-49.8046875
-42.96875,-15.625,-45.8984375,-52.24609375
-36.62109375,-22.4609375,-48.828125,-51.26953125
-48.828125,-60.546875,-46.875,-50.78125
-64.453125,-73.2421875,-51.26953125,-56.640625
-63.4765625,-30.2734375,-57.6171875,-48.828125
-47.8515625,-9.27734375,-50.78125,-41.015625
-44.43359375,-29.296875,-45.41015625,-52.734375
-50.29296875,-48.33984375,-43.45703125,-55.6640625
-55.6640625,-73.2421875,-41.50390625,-53.22265625
-60.546875,-57.12890625,-43.9453125,-45.8984375
-45.8984375,-15.13671875,-45.8984375,-38.0859375
-30.2734375,-13.18359375,-51.26953125,-41.9921875
-36.62109375,-54.19921875,-48.33984375,-44.921875
-51.26953125,-79.1015625,-43.45703125,-47.8515625
-58.10546875,-67.3828125,-46.38671875,-44.921875
-48.828125,-19.53125,-50.78125,-40.52734375
-38.57421875,8.30078125,-49.8046875,-47.36328125
-42.48046875,-49.31640625,-47.36328125,-51.7578125
-55.6640625,-83.984375,-45.8984375,-49.8046875
-71.77734375,-69.3359375,-43.45703125,-50.78125
-62.98828125,-41.50390625,-43.45703125,-51.26953125
-39.55078125,-2.9296875,-42.96875,-45.8984375
-46.38671875,-29.78515625,-45.8984375,-52.24609375
-64.453125,-87.40234375,-48.33984375,-62.98828125
-75.1953125,-75.68359375,-52.734375,-60.546875
-67.87109375,-29.78515625,-55.6640625,-55.17578125
-51.7578125,-24.90234375,-52.734375,-50.78125
-52.24609375,-52.24609375,-57.6171875,-57.12890625
-59.08203125,-62.01171875,-51.7578125,-62.98828125
-60.05859375,-83.49609375,-44.921875,-55.6640625
-48.33984375,-49.8046875,-52.24609375,-44.921875
-25.87890625,-12.20703125,-49.8046875,-41.015625
-25.87890625,-34.1796875,-48.33984375,-46.875
-38.0859375,-55.6640625,-47.8515625,-46.875
-48.828125,-72.75390625,-45.41015625,-47.8515625
-52.24609375,-43.45703125,-43.45703125,-49.31640625
-41.015625,-10.25390625,-41.015625,-44.921875
-35.64453125,-29.78515625,-47.36328125,-56.15234375
-42.96875,-73.73046875,-51.26953125,-63.4765625
-54.6875,-62.5,-52.24609375,-50.78125
-56.640625,-25.390625,-54.19921875,-45.41015625
-42.96875,-30.76171875,-50.78125,-43.9453125
-36.62109375,-40.0390625,-46.875,-43.9453125
-46.875,-62.5,-45.8984375,-51.7578125
-63.4765625,-76.171875,-47.36328125,-55.17578125
-64.453125,-54.6875,-50.78125,-47.8515625
-46.875,-15.13671875,-51.7578125,-43.45703125
-33.69140625,-13.671875,-47.8515625,-39.0625
-38.0859375,-60.546875,-45.8984375,-47.36328125
-53.22265625,-82.03125,-53.22265625,-55.6640625
-55.17578125,-63.4765625,-51.26953125,-43.9453125
-41.50390625,-10.25390625,-47.8515625,-40.0390625
-34.66796875,-1.46484375,-46.38671875,-49.8046875
-45.8984375,-64.94140625,-42.48046875,-60.546875
-56.15234375,-95.21484375,-45.8984375,-61.5234375
-65.91796875,-77.63671875,-51.26953125,-61.03515625
-57.6171875,-20.01953125,-49.31640625,-55.17578125
-42.96875,-8.30078125,-43.9453125,-55.17578125
-47.36328125,-53.7109375,-40.0390625,-58.59375
-57.6171875,-68.359375,-36.1328125,-54.19921875
-62.5,-76.171875,-38.0859375,-49.31640625
-46.38671875,-29.78515625,-41.015625,-39.55078125
-31.73828125,-15.13671875,-40.52734375,-34.1796875
-29.78515625,-52.24609375,-38.0859375,-34.66796875
-42.96875,-59.5703125,-41.50390625,-33.69140625
-55.6640625,-61.03515625,-45.41015625,-31.73828125
-49.8046875,-41.015625,-48.33984375,-28.3203125
-40.52734375,-21.484375,-57.12890625,-32.2265625
-42.96875,-54.6875,-52.734375,-44.921875
-55.6640625,-74.21875,-43.9453125,-45.8984375
-62.01171875,-69.82421875,-42.96875,-33.69140625
-51.26953125,-28.80859375,-41.50390625,-30.76171875
-35.15625,-9.765625,-40.0390625,-39.55078125
-32.71484375,-40.0390625,-41.50390625,-43.9453125
-41.50390625,-74.70703125,-45.41015625,-46.38671875
-52.734375,-75.68359375,-52.24609375,-48.828125
-44.921875,-17.578125,-53.22265625,-39.0625
-26.85546875,-12.20703125,-48.33984375,-38.0859375
-22.4609375,-36.62109375,-51.26953125,-46.38671875
-32.2265625,-51.26953125,-65.4296875,-49.31640625
-43.9453125,-68.84765625,-65.91796875,-42.48046875
-41.50390625,-25.390625,-58.10546875,-38.57421875
-23.92578125,14.6484375,-50.29296875,-37.59765625
-24.4140625,-32.71484375,-43.45703125,-38.0859375
-38.57421875,-72.75390625,-45.41015625,-45.41015625
-50.78125,-65.4296875,-50.78125,-43.45703125
-57.12890625,-47.36328125,-51.7578125,-38.0859375
-42.96875,-17.578125,-45.41015625,-41.50390625
-36.62109375,-4.8828125,-40.0390625,-49.31640625
-56.15234375,-62.98828125,-48.828125,-58.10546875
-73.2421875,-96.6796875,-59.5703125,-63.96484375
-73.2421875,-52.734375,-49.8046875,-57.6171875
-64.94140625,-30.76171875,-44.43359375,-59.08203125
-53.22265625,-40.0390625,-51.7578125,-68.84765625
-50.78125,-55.6640625,-54.19921875,-71.77734375
-61.5234375,-72.75390625,-53.7109375,-73.73046875
-71.2890625,-56.640625,-56.15234375,-70.80078125
-57.6171875,-18.06640625,-60.05859375,-63.96484375
-42.48046875,-35.64453125,-52.734375,-62.01171875
-42.96875,-62.98828125,-41.9921875,-63.4765625
-51.26953125,-60.05859375,-37.109375,-59.5703125
-63.4765625,-66.40625,-46.38671875,-53.22265625
-50.78125,-37.59765625,-51.26953125,-41.9921875
-27.83203125,-8.7890625,-40.0390625,-38.0859375
-34.66796875,-52.24609375,-40.0390625,-45.8984375
-51.7578125,-80.078125,-46.875,-45.41015625
-63.4765625,-63.96484375,-41.9921875,-41.9921875
-62.01171875,-32.2265625,-35.64453125,-42.48046875
-49.31640625,-11.23046875,-39.0625,-41.50390625
-50.78125,-44.921875,-45.8984375,-44.43359375
-60.546875,-84.47265625,-49.31640625,-49.31640625
-65.4296875,-60.05859375,-45.41015625,-45.41015625
-56.640625,-18.06640625,-45.41015625,-40.0390625
-40.0390625,-17.578125,-43.9453125,-46.875
-42.48046875,-48.828125,-46.875,-53.22265625
-53.22265625,-84.47265625,-48.828125,-54.6875
-57.12890625,-83.0078125,-41.9921875,-51.26953125
-54.19921875,-41.50390625,-42.48046875,-43.9453125
-39.0625,-19.04296875,-45.41015625,-41.015625
-32.71484375,-33.69140625,-52.24609375,-47.8515625
-41.015625,-65.4296875,-59.08203125,-54.6875
-56.15234375,-83.0078125,-62.01171875,-49.8046875
-54.19921875,-46.38671875,-56.640625,-40.52734375
-40.0390625,-3.41796875,-45.41015625,-38.0859375
-35.15625,-11.71875,-43.9453125,-41.9921875
-43.9453125,-78.125,-43.45703125,-52.24609375
-58.10546875,-76.171875,-47.36328125,-55.6640625
-58.59375,-27.83203125,-53.7109375,-48.33984375
-44.43359375,-24.90234375,-52.734375,-41.015625
-39.0625,-26.85546875,-50.29296875,-42.48046875
-44.43359375,-58.10546875,-49.8046875,-49.8046875
-56.640625,-76.171875,-49.8046875,-45.8984375
-62.01171875,-54.6875,-46.38671875,-39.0625
-44.43359375,-10.25390625,-47.36328125,-39.55078125
-33.203125,-9.765625,-48.828125,-38.57421875
-43.9453125,-53.7109375,-47.36328125,-44.921875
-53.22265625,-54.6875,-50.78125,-49.8046875
-59.08203125,-58.59375,-55.17578125,-51.26953125
-50.29296875,-35.15625,-53.22265625,-52.24609375
-34.66796875,-19.53125,-51.7578125,-47.36328125
-47.8515625,-60.546875,-53.22265625,-61.03515625
-72.265625,-69.3359375,-51.7578125,-72.75390625
-75.1953125,-51.26953125,-53.22265625,-61.5234375
-58.10546875,-29.78515625,-62.98828125,-54.19921875
-38.0859375,-12.6953125,-61.03515625,-53.7109375
-40.52734375,-43.45703125,-51.26953125,-57.12890625
-53.7109375,-74.21875,-52.734375,-55.6640625
-53.22265625,-56.15234375,-50.29296875,-44.921875
-39.0625,-4.8828125,-48.33984375,-29.78515625
-31.25,-10.7421875,-53.7109375,-24.4140625
-34.66796875,-59.5703125,-49.31640625,-32.71484375
-48.33984375,-83.984375,-41.015625,-38.57421875
-60.05859375,-79.1015625,-41.50390625,-33.203125
-53.7109375,-27.83203125,-47.8515625,-34.1796875
-33.69140625,-8.7890625,-47.8515625,-38.57421875
-32.71484375,-40.52734375,-40.52734375,-39.0625
-45.8984375,-62.5,-44.43359375,-43.9453125
-53.22265625,-69.82421875,-50.29296875,-42.96875
-53.22265625,-46.875,-52.734375,-41.50390625
-42.48046875,-16.11328125,-55.17578125,-42.96875
-35.64453125,-12.20703125,-50.29296875,-47.8515625
-41.9921875,-74.21875,-45.8984375,-51.26953125
-60.05859375,-92.7734375,-52.734375,-49.31640625
-64.453125,-34.66796875,-50.29296875,-41.9921875
-46.38671875,-18.06640625,-42.96875,-38.0859375
-40.0390625,-34.66796875,-46.875,-41.015625
-45.41015625,-60.05859375,-40.52734375,-45.8984375
-62.5,-72.75390625,-33.69140625,-52.24609375
-67.3828125,-55.6640625,-41.9921875,-52.734375
-41.015625,-12.6953125,-42.96875,-44.43359375
-28.80859375,-16.6015625,-42.96875,-49.31640625
-35.64453125,-59.5703125,-47.8515625,-56.15234375
-50.78125,-54.6875,-50.29296875,-53.7109375
-54.19921875,-42.96875,-45.8984375,-41.015625
-38.57421875,-27.83203125,-40.52734375,-35.64453125
-33.203125,-24.90234375,-39.55078125,-42.48046875
-43.45703125,-55.6640625,-41.50390625,-43.9453125
-55.17578125,-68.84765625,-49.31640625,-51.7578125
-62.98828125,-60.05859375,-58.10546875,-53.22265625
-52.24609375,-15.13671875,-57.12890625,-48.33984375
-35.64453125,-4.39453125,-49.8046875,-50.78125
-39.55078125,-56.15234375,-44.921875,-55.6640625
-57.6171875,-80.078125,-46.875,-61.03515625
-66.40625,-67.3828125,-55.6640625,-55.6640625
-49.8046875,-5.37109375,-58.59375,-50.29296875
-36.62109375,-13.18359375,-56.640625,-51.26953125
-47.36328125,-60.546875,-57.12890625,-59.5703125
-65.4296875,-73.73046875,-53.7109375,-70.80078125
-70.80078125,-74.70703125,-52.734375,-65.91796875
-58.59375,-19.04296875,-53.22265625,-54.6875
-44.43359375,-23.4375,-54.19921875,-57.6171875
-41.50390625,-48.828125,-52.734375,-57.6171875
-60.546875,-71.2890625,-48.828125,-55.6640625
-69.82421875,-78.125,-44.921875,-51.7578125
-56.640625,-42.96875,-49.31640625,-42.48046875
-38.57421875,-9.27734375,-50.78125,-44.43359375
-34.1796875,-20.99609375,-42.96875,-46.38671875
-47.36328125,-85.44921875,-40.0390625,-51.7578125
-54.6875,-73.73046875,-43.45703125,-51.7578125
-48.33984375,-18.5546875,-47.8515625,-41.9921875
-38.57421875,-25.87890625,-47.8515625,-41.9921875
-41.015625,-35.15625,-51.7578125,-53.7109375
-54.19921875,-60.05859375,-58.10546875,-62.5
-62.98828125,-82.51953125,-60.05859375,-62.5
-58.10546875,-41.50390625,-55.6640625,-56.15234375
-39.0625,-4.8828125,-53.7109375,-47.8515625
-33.203125,-29.78515625,-50.29296875,-47.36328125
-41.50390625,-61.03515625,-46.38671875,-51.7578125
-55.17578125,-56.15234375,-43.9453125,-52.734375
-60.546875,-54.6875,-41.015625,-46.38671875
-37.109375,-21.97265625,-36.62109375,-44.921875
-33.203125,-22.94921875,-37.109375,-58.59375
-47.8515625,-74.70703125,-40.52734375,-67.3828125
-60.546875,-89.35546875,-44.921875,-66.89453125
-64.94140625,-44.43359375,-53.22265625,-62.5
-49.31640625,-15.13671875,-55.6640625,-58.59375
-41.50390625,-23.92578125,-51.26953125,-57.12890625
-47.8515625,-49.8046875,-53.7109375,-55.17578125
-59.5703125,-86.9140625,-49.8046875,-48.828125
-57.12890625,-50.29296875,-36.62109375,-38.57421875
-39.0625,7.8125,-32.71484375,-33.203125
-33.69140625,-20.99609375,-32.2265625,-35.64453125
-40.0390625,-74.21875,-35.15625,-47.36328125
-53.7109375,-91.30859375,-43.45703125,-52.24609375
-63.4765625,-70.80078125,-47.8515625,-48.33984375
-48.828125,-27.83203125,-46.38671875,-42.96875
-35.64453125,-20.5078125,-47.36328125,-40.52734375
-44.921875,-57.6171875,-47.8515625,-46.38671875
-57.12890625,-83.49609375,-47.36328125,-50.78125
-61.5234375,-60.546875,-50.78125,-47.36328125
-49.8046875,-16.11328125,-49.31640625,-48.33984375
-31.25,-1.46484375,-41.015625,-51.7578125
-30.76171875,-29.296875,-37.109375,-53.7109375
-50.29296875,-69.3359375,-41.015625,-59.08203125
-55.17578125,-87.890625,-47.8515625,-55.17578125
-41.015625,-34.1796875,-49.31640625,-40.52734375
-27.34375,-6.8359375,-48.33984375,-35.15625
-33.203125,-42.48046875,-41.50390625,-39.55078125
-52.734375,-79.58984375,-39.0625,-48.33984375
-66.40625,-83.0078125,-49.8046875,-48.33984375
-67.87109375,-31.73828125,-56.15234375,-46.875
-48.828125,-14.6484375,-43.45703125,-47.8515625
-47.36328125,-46.875,-40.0390625,-48.33984375
-64.94140625,-75.1953125,-45.8984375,-54.6875
-62.5,-61.5234375,-38.0859375,-44.43359375
-50.78125,-42.48046875,-39.55078125,-37.109375
-32.2265625,-17.578125,-38.57421875,-34.1796875
-31.25,-21.97265625,-33.69140625,-40.52734375
-45.41015625,-74.21875,-39.0625,-48.828125
-57.6171875,-80.078125,-46.38671875,-43.45703125
-59.08203125,-42.48046875,-48.828125,-41.50390625
-42.48046875,-13.671875,-46.875,-42.96875
-38.0859375,-28.3203125,-45.41015625,-47.8515625
-52.734375,-67.87109375,-44.921875,-56.15234375
-62.01171875,-74.21875,-45.41015625,-56.640625
-57.6171875,-34.66796875,-40.0390625,-50.78125
-38.0859375,8.30078125,-34.66796875,-52.24609375
-35.64453125,-20.5078125,-40.0390625,-50.29296875
-47.36328125,-79.1015625,-46.38671875,-54.6875
-56.15234375,-79.1015625,-48.33984375,-60.546875
-59.5703125,-45.41015625,-47.36328125,-53.7109375
-47.36328125,-4.39453125,-47.36328125,-50.29296875
-44.43359375,-24.4140625,-51.26953125,-54.6875
-54.19921875,-84.47265625,-56.640625,-60.05859375
-61.03515625,-82.03125,-53.22265625,-56.15234375
-64.453125,-62.01171875,-49.31640625,-46.875
-45.8984375,-24.90234375,-50.29296875,-41.9921875
-25.87890625,-10.7421875,-47.8515625,-37.109375
-35.15625,-34.1796875,-50.29296875,-42.96875
-52.734375,-82.03125,-55.17578125,-58.10546875
-62.98828125,-83.49609375,-57.6171875,-57.12890625
-57.6171875,-30.2734375,-62.5,-52.734375
-42.96875,-10.25390625,-60.546875,-46.38671875
-38.0859375,-44.921875,-49.8046875,-43.9453125
-49.31640625,-75.68359375,-42.48046875,-49.8046875
-59.08203125,-66.89453125,-44.43359375,-46.875
-46.875,-17.08984375,-49.31640625,-39.0625
-25.87890625,1.46484375,-53.7109375,-33.69140625
-26.3671875,-51.26953125,-55.6640625,-36.62109375
-46.38671875,-70.80078125,-53.22265625,-47.36328125
-62.01171875,-53.22265625,-47.36328125,-51.26953125
-54.6875,-34.66796875,-42.96875,-49.8046875
-34.1796875,-29.78515625,-46.38671875,-47.36328125
-32.71484375,-37.109375,-49.31640625,-50.29296875
-50.29296875,-69.3359375,-51.7578125,-55.6640625
-57.6171875,-76.171875,-50.78125,-53.7109375
-47.8515625,-34.1796875,-52.734375,-48.828125
-32.71484375,-17.08984375,-47.36328125,-42.96875
-33.203125,-40.52734375,-38.0859375,-44.921875
-47.36328125,-68.359375,-40.52734375,-50.78125
-57.6171875,-74.70703125,-40.52734375,-43.45703125
-52.734375,-32.71484375,-43.9453125,-38.0859375
-36.62109375,-2.9296875,-41.015625,-38.0859375
-38.57421875,-37.59765625,-41.015625,-41.9921875
-55.17578125,-85.44921875,-49.8046875,-49.31640625
-61.03515625,-88.37890625,-44.921875,-46.38671875
-59.08203125,-52.734375,-38.57421875,-40.0390625
-45.41015625,-19.04296875,-40.52734375,-41.50390625
-33.69140625,-21.97265625,-43.45703125,-45.8984375
-46.875,-64.94140625,-46.875,-52.734375
-68.84765625,-77.63671875,-50.29296875,-56.640625
-71.2890625,-43.9453125,-47.8515625,-54.6875
-56.15234375,-13.18359375,-47.36328125,-58.59375
-41.015625,-19.04296875,-53.22265625,-62.01171875
-41.9921875,-41.50390625,-46.875,-62.5
-60.05859375,-88.37890625,-42.96875,-60.05859375
-60.05859375,-68.359375,-40.0390625,-47.36328125
-37.109375,-14.6484375,-40.0390625,-45.41015625
-26.85546875,-38.57421875,-50.78125,-45.8984375
-35.64453125,-52.734375,-49.31640625,-43.45703125
-51.7578125,-68.359375,-41.015625,-47.8515625
-60.546875,-62.5,-39.55078125,-43.9453125
-50.29296875,-16.11328125,-44.43359375,-38.57421875
-38.0859375,-8.7890625,-51.26953125,-45.8984375
-42.48046875,-48.828125,-49.8046875,-56.15234375
-55.6640625,-66.40625,-41.50390625,-52.24609375
-63.96484375,-50.78125,-45.8984375,-48.33984375
-54.6875,-27.83203125,-53.22265625,-53.7109375
-41.50390625,-27.83203125,-52.734375,-53.7109375
-43.9453125,-51.26953125,-51.7578125,-56.640625
-53.7109375,-81.54296875,-50.29296875,-59.08203125
-67.3828125,-65.91796875,-52.24609375,-56.640625
-59.5703125,-23.4375,-53.22265625,-54.19921875
-40.0390625,-32.71484375,-52.24609375,-49.8046875
-43.9453125,-59.5703125,-49.31640625,-49.31640625
-57.12890625,-82.51953125,-48.828125,-55.17578125
-61.5234375,-80.078125,-50.78125,-58.59375
-52.734375,-37.109375,-48.33984375,-52.734375
-33.69140625,-1.953125,-46.875,-41.50390625
-35.15625,-48.33984375,-51.26953125,-44.921875
-49.8046875,-98.14453125,-56.640625,-51.7578125
-58.10546875,-86.42578125,-62.5,-51.7578125
-60.05859375,-40.52734375,-61.5234375,-45.8984375
-40.52734375,-17.08984375,-49.31640625,-42.96875
-35.64453125,-38.57421875,-45.41015625,-47.36328125
-54.19921875,-70.80078125,-56.15234375,-49.8046875
-66.89453125,-72.265625,-55.17578125,-52.734375
-68.84765625,-41.50390625,-53.22265625,-50.78125
-47.36328125,-26.3671875,-51.7578125,-44.43359375
-36.1328125,-26.85546875,-46.875,-44.43359375
-47.36328125,-41.015625,-49.8046875,-50.29296875
-60.05859375,-79.1015625,-50.29296875,-49.31640625
-62.01171875,-63.4765625,-45.41015625,-47.36328125
-46.875,-11.71875,-46.875,-43.9453125
-35.15625,-22.4609375,-49.8046875,-45.8984375
-40.52734375,-62.98828125,-50.78125,-52.734375
-50.29296875,-74.70703125,-47.8515625,-52.734375
-62.01171875,-55.6640625,-54.6875,-54.19921875
-56.640625,-23.92578125,-59.08203125,-49.31640625
-42.48046875,-21.484375,-53.7109375,-44.921875
-45.8984375,-61.5234375,-46.875,-49.31640625
-65.4296875,-79.58984375,-43.45703125,-58.59375
-66.40625,-41.015625,-43.9453125,-48.33984375
-50.78125,-14.6484375,-48.33984375,-37.59765625
-41.015625,-44.921875,-47.36328125,-41.50390625
-37.59765625,-68.84765625,-42.96875,-42.48046875
-50.78125,-74.21875,-52.24609375,-40.52734375
-57.6171875,-61.5234375,-55.6640625,-35.15625
-44.921875,-35.64453125,-55.17578125,-33.203125
-27.34375,-19.04296875,-52.734375,-37.59765625
-29.296875,-41.9921875,-58.59375,-53.22265625
-50.78125,-79.58984375,-59.5703125,-58.10546875
-63.4765625,-71.2890625,-51.7578125,-52.734375
-55.17578125,-10.25390625,-50.29296875,-51.7578125
-43.9453125,15.13671875,-57.6171875,-56.15234375
-48.828125,-50.29296875,-62.5,-59.5703125
-62.5,-74.70703125,-49.31640625,-58.59375
-72.265625,-62.5,-54.19921875,-53.7109375
-59.5703125,-40.0390625,-58.10546875,-44.43359375
-42.96875,-13.671875,-41.015625,-46.875
-36.62109375,-35.15625,-44.43359375,-53.22265625
-46.38671875,-73.73046875,-52.24609375,-55.6640625
-59.08203125,-82.51953125,-42.96875,-53.7109375
-47.36328125,-41.9921875,-39.0625,-44.43359375
-35.15625,-19.53125,-42.96875,-43.45703125
-37.109375,-22.4609375,-40.52734375,-49.31640625
-46.38671875,-46.875,-38.57421875,-52.24609375
-65.4296875,-84.47265625,-46.38671875,-53.22265625
-66.89453125,-58.59375,-49.31640625,-41.9921875
-49.8046875,-18.5546875,-46.38671875,-39.0625
-40.52734375,-26.85546875,-50.78125,-50.78125
-45.41015625,-53.7109375,-50.78125,-54.6875
-60.05859375,-68.84765625,-45.41015625,-59.08203125
-65.4296875,-57.6171875,-46.875,-54.19921875
-47.36328125,-15.13671875,-46.38671875,-48.33984375
-41.50390625,-20.5078125,-48.33984375,-54.19921875
-53.7109375,-66.40625,-49.31640625,-56.640625
-61.5234375,-70.3125,-50.29296875,-52.734375
-56.15234375,-34.66796875,-51.26953125,-43.9453125
-45.41015625,-14.16015625,-44.921875,-41.015625
-39.55078125,-21.97265625,-47.36328125,-43.45703125
-40.52734375,-63.96484375,-58.10546875,-49.8046875
-58.59375,-88.8671875,-64.94140625,-58.10546875
-60.05859375,-70.3125,-54.19921875,-51.26953125
-37.109375,-22.94921875,-36.62109375,-40.52734375
-30.2734375,-21.484375,-36.62109375,-42.96875
-38.57421875,-42.48046875,-41.015625,-53.22265625
-53.22265625,-55.6640625,-44.921875,-57.6171875
-63.96484375,-80.078125,-51.26953125,-57.12890625
-53.7109375,-39.55078125,-53.22265625,-52.24609375
-41.50390625,-2.9296875,-55.6640625,-48.828125
-43.45703125,-55.6640625,-54.6875,-50.29296875
-58.10546875,-108.3984375,-54.19921875,-54.6875
-65.91796875,-86.42578125,-48.828125,-47.8515625
-62.98828125,-38.0859375,-49.8046875,-45.41015625
-52.24609375,-22.4609375,-51.7578125,-47.36328125
-48.33984375,-45.8984375,-44.43359375,-50.78125
-58.10546875,-82.51953125,-51.26953125,-56.640625
-65.91796875,-76.171875,-54.6875,-55.17578125
-52.24609375,-28.80859375,-48.828125,-44.921875
-31.25,-18.5546875,-51.7578125,-34.66796875
-28.80859375,-30.76171875,-49.8046875,-30.76171875
-37.59765625,-42.48046875,-41.50390625,-35.64453125
-54.19921875,-69.82421875,-45.41015625,-44.43359375
-53.22265625,-48.33984375,-51.7578125,-41.50390625
-36.62109375,-19.04296875,-49.8046875,-39.55078125
-31.25,-28.80859375,-40.0390625,-46.38671875
-39.55078125,-62.5,-41.015625,-56.15234375
-49.31640625,-68.84765625,-45.41015625,-56.640625
-48.33984375,-33.69140625,-45.8984375,-54.6875
-33.69140625,-19.53125,-47.8515625,-52.24609375
-28.80859375,-24.4140625,-51.26953125,-50.78125
-36.1328125,-52.24609375,-46.38671875,-53.7109375
-49.8046875,-63.96484375,-43.45703125,-55.17578125
-56.15234375,-29.78515625,-48.33984375,-51.26953125
-45.8984375,-31.73828125,-48.828125,-49.31640625
-40.52734375,-29.296875,-41.015625,-46.875
-49.8046875,-57.6171875,-37.59765625,-48.828125
-66.89453125,-89.35546875,-42.96875,-52.734375
-69.82421875,-52.734375,-48.33984375,-41.015625
-50.29296875,-17.08984375,-48.33984375,-37.109375
-31.73828125,-20.01953125,-39.55078125,-32.71484375
-39.0625,-62.98828125,-40.0390625,-36.1328125
-49.31640625,-75.1953125,-41.9921875,-43.9453125
-50.29296875,-61.03515625,-41.015625,-36.1328125
-37.59765625,-14.16015625,-48.33984375,-36.62109375
-28.3203125,5.37109375,-52.24609375,-41.50390625
-36.62109375,-59.08203125,-49.8046875,-47.36328125
-51.7578125,-102.05078125,-49.31640625,-58.10546875
-59.08203125,-77.63671875,-54.19921875,-56.640625
-48.33984375,-35.64453125,-57.6171875,-56.15234375
-41.015625,-11.71875,-47.8515625,-62.01171875
-47.8515625,-39.0625,-34.66796875,-64.94140625
-60.05859375,-87.40234375,-42.96875,-66.40625
-62.5,-66.40625,-47.8515625,-59.5703125
-57.6171875,-27.83203125,-49.31640625,-49.31640625
-48.33984375,-22.94921875,-48.828125,-48.33984375
-50.29296875,-41.50390625,-47.36328125,-54.19921875
-61.03515625,-52.24609375,-45.41015625,-54.6875
-72.265625,-69.3359375,-41.9921875,-49.8046875
-74.21875,-41.9921875,-43.45703125,-51.7578125
-59.5703125,-8.7890625,-45.41015625,-59.08203125
-59.5703125,-30.76171875,-39.0625,-65.4296875
-70.3125,-62.01171875,-37.59765625,-69.3359375
-82.03125,-65.4296875,-36.1328125,-72.75390625
-98.14453125,-31.25,-30.76171875,-85.44921875
-86.9140625,6.8359375,-27.83203125,-90.33203125
-85.44921875,-10.7421875,-30.2734375,-98.6328125
-108.3984375,-62.5,-36.1328125,-114.74609375
-124.0234375,-61.5234375,-33.203125,-116.2109375
-129.39453125,2.9296875,-22.94921875,-117.67578125
-115.234375,8.30078125,-22.94921875,-121.58203125
-112.3046875,-33.69140625,-32.2265625,-125.0
-135.25390625,-51.7578125,-37.59765625,-137.20703125
-150.390625,-58.10546875,-28.80859375,-136.23046875
-153.80859375,-36.1328125,-21.484375,-125.9765625
-136.71875,-3.90625,-28.80859375,-124.0234375
-124.0234375,-12.6953125,-25.87890625,-123.53515625
-141.6015625,-61.03515625,-24.90234375,-139.16015625
-160.64453125,-74.70703125,-26.85546875,-148.4375
-156.73828125,-42.96875,-27.83203125,-129.8828125
-125.0,4.39453125,-28.80859375,-113.76953125
-106.4453125,16.6015625,-29.296875,-119.140625
-116.69921875,-46.38671875,-29.78515625,-125.0
-124.0234375,-85.9375,-31.25,-118.1640625
-115.234375,-56.640625,-40.0390625,-104.00390625
-97.16796875,-11.71875,-44.43359375,-96.19140625
-84.9609375,-5.37109375,-41.50390625,-94.7265625
-84.47265625,-46.38671875,-41.9921875,-92.7734375
-97.65625,-64.453125,-41.9921875,-91.796875
-103.515625,-55.6640625,-40.0390625,-88.37890625
-81.54296875,-16.11328125,-45.41015625,-83.984375
-62.98828125,-3.41796875,-49.8046875,-80.56640625
-73.2421875,-43.45703125,-43.9453125,-86.9140625
-88.8671875,-54.6875,-38.57421875,-86.42578125
-92.28515625,-70.80078125,-41.015625,-76.66015625
-87.40234375,-37.109375,-34.1796875,-68.84765625
-70.3125,-8.30078125,-35.64453125,-67.87109375
-68.84765625,-49.8046875,-39.0625,-75.1953125
-87.40234375,-86.42578125,-41.015625,-79.1015625
-102.05078125,-69.82421875,-48.33984375,-71.77734375
-101.07421875,-19.04296875,-44.921875,-69.3359375
-87.40234375,-27.83203125,-41.50390625,-81.0546875
-75.68359375,-43.45703125,-45.41015625,-80.56640625
-78.61328125,-55.17578125,-48.828125,-76.66015625
-92.7734375,-63.4765625,-38.57421875,-82.03125
-98.14453125,-11.71875,-32.71484375,-88.8671875
-77.1484375,-18.06640625,-33.69140625,-86.9140625
-62.01171875,-58.10546875,-37.109375,-83.49609375
-70.80078125,-72.265625,-38.0859375,-88.37890625
-96.19140625,-72.265625,-37.59765625,-98.14453125
-99.609375,-23.4375,-37.59765625,-95.21484375
-76.66015625,-5.859375,-40.0390625,-89.35546875
-74.21875,-42.96875,-36.62109375,-91.796875
-83.984375,-77.1484375,-33.203125,-93.26171875
-91.796875,-81.54296875,-43.9453125,-87.890625
-96.19140625,-51.26953125,-47.36328125,-81.54296875
-77.1484375,-4.8828125,-38.0859375,-69.82421875
-60.05859375,-18.5546875,-38.57421875,-65.4296875
-66.40625,-100.09765625,-50.29296875,-61.5234375
-65.4296875,-98.14453125,-51.26953125,-42.48046875
-56.640625,-50.78125,-45.41015625,-36.62109375
-45.41015625,-28.3203125,-46.875,-35.64453125
-27.34375,-28.3203125,-47.8515625,-30.76171875
-27.34375,-65.91796875,-48.828125,-34.66796875
-42.96875,-88.8671875,-53.22265625,-35.64453125
-41.015625,-69.82421875,-49.8046875,-26.85546875
-24.90234375,-28.3203125,-54.6875,-22.4609375
-11.23046875,-33.69140625,-65.4296875,-25.390625
-8.7890625,-60.546875,-62.01171875,-23.4375
-15.625,-67.87109375,-59.08203125,-17.08984375
-21.484375,-63.4765625,-63.96484375,-13.18359375
-11.71875,-31.25,-65.91796875,-0.48828125
3.41796875,-26.3671875,-62.5,0.9765625
-0.9765625,-58.10546875,-56.640625,-14.16015625
-19.53125,-83.49609375,-58.59375,-20.5078125
-19.04296875,-72.75390625,-61.03515625,-10.25390625
-12.6953125,-40.0390625,-64.94140625,-3.90625
-5.37109375,-35.15625,-65.4296875,-8.30078125
-2.44140625,-58.10546875,-64.453125,-11.23046875
-9.27734375,-88.8671875,-60.546875,-5.37109375
-14.6484375,-78.125,-62.98828125,1.953125
-5.859375,-12.20703125,-67.87109375,3.90625
7.8125,-14.16015625,-63.4765625,3.41796875
-0.48828125,-75.1953125,-59.5703125,2.9296875
-12.6953125,-90.33203125,-59.08203125,-4.39453125
-21.97265625,-75.68359375,-60.05859375,-9.765625
-13.671875,-33.203125,-62.5,-0.9765625
6.34765625,-12.6953125,-65.91796875,-4.39453125
4.39453125,-43.9453125,-62.5,-8.7890625
-5.37109375,-77.63671875,-60.05859375,-14.6484375
-14.16015625,-83.49609375,-65.4296875,-14.16015625
-17.08984375,-47.8515625,-67.87109375,-6.34765625
-2.9296875,-16.11328125,-65.91796875,-0.48828125
0.0,-20.99609375,-60.546875,1.953125
-16.6015625,-79.58984375,-56.15234375,-9.765625
-25.390625,-91.796875,-57.6171875,-11.71875
-18.06640625,-48.33984375,-57.12890625,-1.46484375
-3.41796875,-30.76171875,-52.734375,-0.48828125
7.32421875,-34.1796875,-52.734375,-7.32421875
-2.9296875,-72.75390625,-62.5,-13.18359375
-14.6484375,-75.68359375,-62.98828125,-13.671875
-13.18359375,-39.55078125,-58.10546875,-8.30078125
3.41796875,-7.8125,-60.546875,-7.32421875
18.5546875,-23.4375,-59.08203125,-7.32421875
3.90625,-61.03515625,-61.03515625,-11.23046875
-16.6015625,-55.17578125,-63.96484375,-16.11328125
-21.484375,-49.8046875,-58.59375,-11.23046875
-13.18359375,-41.9921875,-57.6171875,-15.13671875
-0.9765625,-16.6015625,-57.12890625,-19.04296875
-10.7421875,-54.19921875,-54.6875,-27.34375
-29.296875,-67.3828125,-58.10546875,-36.1328125
-33.203125,-43.45703125,-61.5234375,-26.85546875
-28.3203125,-24.90234375,-55.6640625,-22.94921875
-20.01953125,-18.5546875,-45.8984375,-30.2734375
-19.53125,-59.08203125,-46.875,-29.78515625
-31.73828125,-85.9375,-52.734375,-29.296875
-41.50390625,-69.82421875,-58.59375,-30.2734375
-32.71484375,-9.765625,-65.91796875,-27.83203125
-20.5078125,-14.16015625,-64.453125,-25.390625
-24.4140625,-74.70703125,-63.4765625,-28.3203125
-38.57421875,-91.30859375,-65.4296875,-34.1796875
-41.015625,-74.70703125,-63.4765625,-24.90234375
-30.2734375,-32.2265625,-60.546875,-17.578125
-17.578125,-12.6953125,-53.7109375,-17.08984375
-16.6015625,-41.50390625,-46.875,-22.4609375
-32.71484375,-60.546875,-47.8515625,-33.203125
-42.96875,-57.12890625,-50.78125,-35.15625
-38.0859375,-35.64453125,-53.22265625,-31.73828125
-21.484375,-11.71875,-47.36328125,-26.85546875
-16.11328125,-26.85546875,-43.45703125,-29.296875
-30.2734375,-71.2890625,-50.29296875,-31.73828125
-45.41015625,-84.47265625,-49.8046875,-32.71484375
-46.875,-39.55078125,-48.33984375,-28.3203125
-34.1796875,-18.5546875,-54.19921875,-23.92578125
-30.76171875,-37.109375,-55.17578125,-34.1796875
-46.38671875,-66.40625,-53.22265625,-45.8984375
-55.6640625,-69.82421875,-52.24609375,-40.0390625
-49.8046875,-41.50390625,-49.31640625,-31.25
-29.78515625,-14.6484375,-46.875,-34.1796875
-22.4609375,-25.87890625,-45.8984375,-41.50390625
-38.57421875,-45.8984375,-44.43359375,-47.8515625
-50.78125,-46.875,-47.36328125,-44.921875
-53.22265625,-54.19921875,-52.24609375,-42.48046875
-41.9921875,-30.76171875,-45.41015625,-38.0859375
-33.203125,-29.78515625,-49.31640625,-42.96875
-38.0859375,-63.96484375,-58.59375,-52.24609375
-51.7578125,-79.58984375,-58.10546875,-51.26953125
-54.6875,-51.26953125,-56.640625,-49.31640625
-31.73828125,-7.32421875,-51.7578125,-47.36328125
-20.99609375,-20.5078125,-47.36328125,-49.31640625
-30.2734375,-54.6875,-46.38671875,-50.29296875
-37.109375,-66.89453125,-48.33984375,-45.8984375
-39.55078125,-44.43359375,-43.45703125,-34.66796875
-29.78515625,-3.41796875,-39.0625,-29.296875
-21.484375,-28.80859375,-46.38671875,-38.0859375
-27.83203125,-58.10546875,-42.48046875,-41.9921875
-40.52734375,-64.94140625,-40.52734375,-41.9921875
-41.9921875,-67.3828125,-45.8984375,-36.1328125
-30.2734375,-28.80859375,-47.36328125,-33.203125
-21.484375,-20.01953125,-50.78125,-35.15625
-27.34375,-51.26953125,-51.26953125,-37.109375
-45.8984375,-83.49609375,-53.22265625,-39.0625
-60.546875,-79.1015625,-51.7578125,-42.96875
-57.6171875,-41.9921875,-48.828125,-48.828125
-46.38671875,-24.4140625,-47.8515625,-48.33984375
-45.8984375,-41.9921875,-41.9921875,-48.828125
-58.59375,-81.0546875,-42.48046875,-55.6640625
-70.80078125,-81.0546875,-50.78125,-54.6875
-61.5234375,-34.1796875,-49.31640625,-50.29296875
-46.38671875,-19.04296875,-47.8515625,-52.24609375
-44.43359375,-37.109375,-50.29296875,-50.29296875
-54.19921875,-62.98828125,-57.12890625,-52.24609375
-62.01171875,-88.37890625,-62.01171875,-49.8046875
-49.31640625,-52.734375,-56.640625,-44.921875
-26.85546875,-22.94921875,-54.6875,-41.015625
-21.97265625,-42.96875,-50.29296875,-43.9453125
-35.64453125,-69.82421875,-43.45703125,-52.734375
-47.36328125,-64.94140625,-44.921875,-48.33984375
-48.33984375,-41.015625,-45.41015625,-44.43359375
-30.76171875,-19.53125,-46.38671875,-48.828125
-28.80859375,-40.52734375,-52.24609375,-49.8046875
-44.43359375,-81.54296875,-49.8046875,-49.31640625
-47.36328125,-74.70703125,-46.38671875,-44.43359375
-50.29296875,-45.41015625,-56.640625,-37.109375
-39.55078125,-23.92578125,-52.734375,-34.66796875
-31.73828125,-18.06640625,-43.45703125,-34.1796875
-45.8984375,-59.5703125,-47.8515625,-41.50390625
-60.546875,-94.7265625,-45.8984375,-40.0390625
-64.94140625,-61.5234375,-42.96875,-40.0390625
-47.8515625,-7.8125,-45.8984375,-41.50390625
-40.52734375,-34.66796875,-50.78125,-41.015625
-51.26953125,-90.8203125,-50.78125,-47.36328125
-56.640625,-77.63671875,-52.24609375,-47.36328125
-52.734375,-50.78125,-51.7578125,-40.52734375
-41.015625,-18.5546875,-51.7578125,-34.66796875
-31.25,-20.01953125,-48.33984375,-37.109375
-33.69140625,-68.359375,-46.38671875,-44.921875
-51.26953125,-92.28515625,-51.7578125,-49.31640625
-53.7109375,-63.4765625,-55.17578125,-41.015625
-43.9453125,-28.3203125,-60.05859375,-38.57421875
-42.96875,-10.7421875,-53.7109375,-42.48046875
-45.8984375,-20.99609375,-41.9921875,-45.8984375
-59.5703125,-65.91796875,-46.38671875,-46.38671875
-66.40625,-88.8671875,-49.8046875,-38.57421875
-52.734375,-41.50390625,-49.31640625,-34.1796875
-36.1328125,-9.765625,-46.38671875,-32.2265625
-35.15625,-44.43359375,-41.015625,-33.69140625
-48.33984375,-71.77734375,-44.921875,-40.0390625
-54.19921875,-57.6171875,-57.6171875,-40.0390625
-42.96875,-35.64453125,-60.546875,-40.52734375
-29.296875,-23.92578125,-51.26953125,-43.45703125
-28.80859375,-41.50390625,-44.921875,-45.8984375
-44.43359375,-68.359375,-41.015625,-46.38671875
-53.22265625,-59.08203125,-36.1328125,-42.48046875
-44.921875,-47.8515625,-41.9921875,-39.55078125
-36.62109375,-26.3671875,-45.8984375,-37.59765625
-43.45703125,-37.59765625,-44.921875,-41.9921875
-57.12890625,-78.125,-53.22265625,-50.78125
-65.91796875,-83.49609375,-55.6640625,-50.78125
-60.05859375,-42.48046875,-56.640625,-43.45703125
-37.59765625,0.48828125,-47.36328125,-37.109375
-30.2734375,-23.4375,-37.109375,-44.921875
-42.96875,-67.3828125,-37.109375,-52.24609375
-56.15234375,-72.75390625,-38.0859375,-50.78125
-47.36328125,-38.57421875,-35.64453125,-38.57421875
-27.83203125,2.44140625,-36.62109375,-29.296875
-31.25,-25.390625,-44.43359375,-40.0390625
-45.8984375,-81.0546875,-47.8515625,-51.7578125
-60.546875,-74.21875,-56.15234375,-56.640625
-61.5234375,-49.8046875,-59.5703125,-53.22265625
-39.55078125,-5.37109375,-48.33984375,-50.29296875
-24.4140625,7.8125,-40.0390625,-46.875
-33.69140625,-53.22265625,-48.33984375,-54.19921875
-51.26953125,-80.078125,-52.734375,-59.5703125
-53.7109375,-52.734375,-47.8515625,-48.828125
-41.9921875,-2.9296875,-46.38671875,-42.96875
-36.1328125,-5.859375,-48.33984375,-48.33984375
-40.52734375,-39.55078125,-49.31640625,-51.7578125
-58.10546875,-76.171875,-51.26953125,-48.33984375
-65.4296875,-72.265625,-51.26953125,-49.31640625
-46.875,-20.5078125,-43.45703125,-42.48046875
-36.62109375,-18.5546875,-41.9921875,-41.9921875
-45.41015625,-56.640625,-45.8984375,-48.828125
-54.6875,-73.2421875,-46.875,-45.41015625
-60.05859375,-62.01171875,-49.31640625,-43.45703125
-55.17578125,-13.18359375,-50.78125,-43.9453125
-41.9921875,-2.9296875,-51.26953125,-42.48046875
-43.9453125,-62.5,-52.24609375,-48.33984375
-55.17578125,-73.2421875,-47.36328125,-49.31640625
-63.96484375,-51.26953125,-43.9453125,-45.41015625
-58.10546875,-42.96875,-50.29296875,-45.8984375
-40.0390625,-27.83203125,-45.41015625,-44.43359375
-35.64453125,-41.9921875,-38.0859375,-48.33984375
-51.7578125,-89.35546875,-47.8515625,-56.640625
-68.84765625,-85.9375,-51.7578125,-55.6640625
-65.91796875,-31.25,-46.38671875,-55.6640625
-49.8046875,-17.08984375,-44.921875,-55.6640625
-48.828125,-46.38671875,-45.41015625,-60.546875
-61.5234375,-75.68359375,-49.8046875,-61.5234375
-70.80078125,-80.078125,-49.8046875,-62.01171875
-65.4296875,-26.85546875,-45.41015625,-62.98828125
-45.41015625,4.39453125,-41.50390625,-53.22265625
-41.50390625,-36.1328125,-40.0390625,-50.29296875
-50.29296875,-84.9609375,-44.43359375,-52.734375
-53.7109375,-92.28515625,-44.43359375,-48.828125
-43.9453125,-44.43359375,-36.62109375,-34.66796875
-25.390625,-14.6484375,-40.0390625,-28.3203125
-21.97265625,-34.1796875,-45.8984375,-34.1796875
-27.83203125,-62.01171875,-44.43359375,-40.52734375
-37.109375,-69.82421875,-44.921875,-42.48046875
-41.50390625,-41.9921875,-45.41015625,-41.015625
-32.2265625,-6.8359375,-43.9453125,-44.43359375
-29.78515625,-9.27734375,-43.45703125,-46.875
-43.45703125,-38.57421875,-45.41015625,-50.78125
-58.10546875,-78.61328125,-46.875,-58.59375
-61.03515625,-57.12890625,-45.41015625,-57.12890625
-48.33984375,-6.8359375,-47.36328125,-53.7109375
-39.0625,-22.94921875,-51.7578125,-56.640625
-39.0625,-52.734375,-49.31640625,-61.03515625
-45.8984375,-64.94140625,-52.734375,-63.4765625
-50.29296875,-51.7578125,-59.5703125,-61.03515625
-35.64453125,-12.20703125,-55.17578125,-54.6875
-24.90234375,-6.34765625,-55.17578125,-55.6640625
-34.66796875,-43.9453125,-57.12890625,-63.96484375
-49.8046875,-78.125,-61.03515625,-62.98828125
-57.6171875,-53.22265625,-61.5234375,-50.78125
-41.9921875,-13.18359375,-49.8046875,-35.64453125
-27.83203125,-24.4140625,-38.57421875,-23.92578125
-37.109375,-54.19921875,-41.9921875,-31.25
-52.24609375,-70.80078125,-51.26953125,-41.50390625
-62.5,-56.15234375,-47.36328125,-39.55078125
-57.12890625,-20.5078125,-42.96875,-37.59765625
-42.48046875,-31.25,-53.22265625,-41.9921875
-43.9453125,-54.19921875,-52.734375,-46.875
-58.59375,-79.1015625,-45.41015625,-52.734375
-72.75390625,-80.078125,-42.48046875,-52.24609375
-64.453125,-27.83203125,-39.0625,-50.29296875
-40.52734375,2.9296875,-36.62109375,-53.22265625
-40.0390625,-32.71484375,-39.55078125,-55.6640625
-59.08203125,-78.125,-46.875,-64.453125
-66.89453125,-77.1484375,-53.7109375,-60.546875
-56.640625,-33.203125,-50.78125,-47.8515625
-39.55078125,-9.765625,-45.41015625,-42.96875
-31.73828125,-20.99609375,-45.41015625,-45.8984375
-40.0390625,-57.6171875,-48.33984375,-45.41015625
-56.640625,-70.80078125,-55.17578125,-50.78125
-53.22265625,-29.296875,-57.12890625,-50.78125
-35.15625,-14.16015625,-52.734375,-45.8984375
-39.0625,-27.34375,-47.36328125,-53.7109375
-52.734375,-45.41015625,-41.50390625,-56.15234375
-62.98828125,-54.19921875,-39.55078125,-56.640625
-59.5703125,-40.52734375,-37.59765625,-47.36328125
-39.0625,-17.08984375,-32.2265625,-37.59765625
-32.71484375,-26.85546875,-40.52734375,-45.8984375
-46.875,-63.4765625,-49.31640625,-56.15234375
-59.08203125,-77.63671875,-42.96875,-52.734375
-62.01171875,-57.6171875,-46.38671875,-46.38671875
-48.828125,-32.71484375,-49.8046875,-46.38671875
-41.015625,-30.2734375,-47.8515625,-49.8046875
-48.33984375,-67.87109375,-48.828125,-50.29296875
-58.59375,-73.2421875,-46.38671875,-47.36328125
-63.4765625,-31.73828125,-43.9453125,-44.43359375
-47.8515625,-23.4375,-47.36328125,-44.43359375
-29.296875,-35.64453125,-46.875,-47.8515625
-33.69140625,-61.5234375,-45.41015625,-46.875
-48.33984375,-78.61328125,-50.29296875,-45.8984375
-50.78125,-57.6171875,-50.29296875,-43.45703125
-41.015625,-22.4609375,-49.8046875,-40.0390625
-27.83203125,-11.71875,-48.828125,-41.015625
-29.296875,-49.31640625,-45.8984375,-41.50390625
-42.96875,-66.89453125,-48.33984375,-45.41015625
-52.734375,-61.03515625,-51.7578125,-46.875
-46.38671875,-26.85546875,-52.24609375,-45.41015625
-34.1796875,4.8828125,-49.8046875,-48.828125
-41.015625,-48.828125,-50.29296875,-59.08203125
-60.05859375,-91.796875,-55.17578125,-61.5234375
-71.77734375,-68.359375,-53.22265625,-54.19921875
-62.5,-46.38671875,-53.7109375,-52.24609375
-44.921875,-27.83203125,-54.6875,-47.36328125
-42.96875,-32.2265625,-47.36328125,-47.36328125
-56.15234375,-70.80078125,-44.921875,-55.17578125
-69.3359375,-85.9375,-52.734375,-57.6171875
-64.94140625,-51.7578125,-54.6875,-54.6875
-43.45703125,-18.06640625,-52.24609375,-56.15234375
-33.69140625,-24.4140625,-54.6875,-59.08203125
-48.828125,-54.19921875,-57.6171875,-60.546875
-64.453125,-82.51953125,-63.96484375,-55.17578125
-60.546875,-50.29296875,-62.01171875,-51.7578125
-42.48046875,-10.7421875,-53.22265625,-52.24609375
-38.0859375,-33.69140625,-53.22265625,-56.640625
-47.36328125,-62.98828125,-59.08203125,-60.546875
-62.98828125,-74.70703125,-59.08203125,-59.5703125
-68.84765625,-62.5,-54.6875,-56.15234375
-52.24609375,-24.90234375,-52.24609375,-49.31640625
-39.55078125,-31.25,-49.8046875,-52.734375
-50.29296875,-74.70703125,-50.29296875,-54.19921875
-60.546875,-74.21875,-49.31640625,-49.31640625
-56.640625,-30.2734375,-51.26953125,-47.36328125
-41.50390625,-19.53125,-52.734375,-41.9921875
-27.34375,-34.66796875,-55.17578125,-44.43359375
-33.203125,-64.94140625,-59.08203125,-47.8515625
-48.33984375,-80.078125,-56.640625,-48.828125
-54.6875,-53.22265625,-51.26953125,-44.921875
-38.0859375,-17.08984375,-49.31640625,-34.1796875
-26.85546875,-21.484375,-47.36328125,-31.25
-37.59765625,-59.08203125,-46.875,-38.57421875
-51.7578125,-66.40625,-49.8046875,-47.36328125
-57.6171875,-73.2421875,-50.78125,-43.45703125
-51.7578125,-40.0390625,-49.8046875,-38.0859375
-38.57421875,-2.9296875,-48.828125,-39.0625
-45.41015625,-45.8984375,-51.7578125,-48.828125
-65.4296875,-101.5625,-59.5703125,-53.22265625
-69.3359375,-86.9140625,-54.6875,-49.31640625
-59.5703125,-34.1796875,-44.921875,-49.31640625
-41.50390625,-15.625,-46.875,-49.31640625
-38.57421875,-42.48046875,-45.8984375,-50.29296875
-52.24609375,-74.21875,-52.734375,-53.7109375
-57.6171875,-62.98828125,-55.17578125,-48.828125
-49.31640625,-11.71875,-43.9453125,-41.9921875
-36.62109375,-3.90625,-40.52734375,-43.45703125
-38.57421875,-32.71484375,-37.59765625,-53.22265625
-56.640625,-54.19921875,-37.109375,-62.01171875
-68.359375,-76.171875,-36.1328125,-55.6640625
-55.6640625,-53.22265625,-35.64453125,-43.45703125
-39.55078125,-20.99609375,-36.62109375,-40.52734375
-35.15625,-36.62109375,-39.55078125,-46.38671875
-40.0390625,-76.171875,-47.8515625,-46.38671875
-50.29296875,-83.49609375,-48.33984375,-39.0625
-47.8515625,-30.76171875,-42.96875,-34.66796875
-35.15625,-14.6484375,-44.43359375,-37.109375
-29.296875,-39.0625,-42.48046875,-41.015625
-35.64453125,-62.01171875,-38.0859375,-42.96875
-54.19921875,-77.1484375,-42.96875,-45.41015625
-51.7578125,-36.62109375,-41.9921875,-40.52734375
-34.66796875,-19.53125,-34.66796875,-39.0625
-33.69140625,-28.3203125,-37.109375,-41.50390625
-44.921875,-64.94140625,-42.48046875,-44.921875
-60.05859375,-87.40234375,-48.33984375,-46.875
-63.4765625,-48.828125,-53.7109375,-44.921875
-46.875,-19.53125,-52.24609375,-43.45703125
-37.59765625,-28.80859375,-42.48046875,-45.41015625
-48.33984375,-62.01171875,-43.9453125,-54.6875
-66.40625,-78.125,-55.6640625,-62.98828125
-71.2890625,-72.265625,-53.22265625,-52.24609375
-50.78125,-15.625,-44.43359375,-42.96875
-38.57421875,9.765625,-46.38671875,-51.7578125
-48.33984375,-67.3828125,-47.36328125,-55.17578125
-60.05859375,-98.6328125,-48.33984375,-55.6640625
-65.4296875,-65.91796875,-48.33984375,-47.36328125
-54.6875,-25.390625,-46.38671875,-43.9453125
-35.15625,-10.25390625,-48.828125,-47.36328125
-35.15625,-50.78125,-50.29296875,-50.29296875
-48.828125,-77.63671875,-53.7109375,-55.6640625
-59.08203125,-59.08203125,-59.08203125,-50.78125
-48.33984375,-17.578125,-62.01171875,-39.55078125
-35.15625,-18.5546875,-61.03515625,-38.0859375
-45.41015625,-59.08203125,-53.22265625,-48.828125
-59.5703125,-64.94140625,-46.875,-52.734375
-62.5,-72.75390625,-49.8046875,-48.33984375
-47.8515625,-48.828125,-50.29296875,-46.875
-29.296875,-15.625,-45.8984375,-47.8515625
-33.69140625,-46.38671875,-43.9453125,-52.24609375
-47.8515625,-74.70703125,-44.43359375,-56.15234375
-54.6875,-64.453125,-47.8515625,-48.33984375
-47.36328125,-27.34375,-52.734375,-36.1328125
-35.15625,-3.41796875,-45.8984375,-37.59765625
-37.109375,-44.43359375,-41.015625,-45.8984375
-49.8046875,-99.609375,-49.8046875,-51.7578125
-53.7109375,-76.171875,-48.33984375,-45.41015625
-40.0390625,-13.18359375,-42.48046875,-35.15625
-23.92578125,-7.32421875,-40.0390625,-33.203125
-27.83203125,-47.8515625,-43.9453125,-36.62109375
-41.9921875,-75.68359375,-52.734375,-41.015625
-57.6171875,-79.58984375,-53.22265625,-41.9921875
-54.19921875,-43.9453125,-44.43359375,-28.3203125
-35.15625,-10.25390625,-41.015625,-27.34375
-29.78515625,-27.34375,-44.921875,-40.0390625
-47.36328125,-67.3828125,-51.7578125,-45.8984375
-59.08203125,-67.87109375,-58.10546875,-44.921875
-50.78125,-39.0625,-52.734375,-40.52734375
-30.2734375,5.37109375,-46.875,-36.62109375
-22.94921875,-0.9765625,-50.29296875,-42.48046875
-39.55078125,-73.73046875,-55.6640625,-57.12890625
-53.22265625,-94.23828125,-50.78125,-58.10546875
-56.640625,-55.6640625,-51.26953125,-47.8515625
-50.78125,-26.3671875,-56.640625,-49.8046875
-41.015625,-26.85546875,-45.8984375,-53.22265625
-45.41015625,-55.6640625,-40.0390625,-55.17578125
-57.6171875,-73.73046875,-45.41015625,-48.828125
-63.96484375,-58.59375,-43.9453125,-41.015625
-51.7578125,-16.6015625,-41.50390625,-45.8984375
-35.15625,-20.5078125,-43.45703125,-47.36328125
-39.0625,-56.15234375,-47.8515625,-50.29296875
-53.22265625,-58.10546875,-55.6640625,-51.26953125
-53.7109375,-70.3125,-59.5703125,-41.50390625
-40.0390625,-19.53125,-51.7578125,-39.0625
-27.83203125,0.9765625,-47.8515625,-46.875
-34.1796875,-60.546875,-54.19921875,-53.22265625
-47.8515625,-86.9140625,-54.6875,-51.7578125
-58.59375,-74.21875,-47.36328125,-46.38671875
-52.734375,-35.15625,-42.96875,-43.9453125
-32.71484375,-16.11328125,-42.96875,-41.50390625
-29.78515625,-33.69140625,-42.48046875,-45.8984375
-50.29296875,-79.1015625,-44.43359375,-49.31640625
-70.3125,-69.3359375,-45.41015625,-47.36328125
-62.5,-12.6953125,-46.38671875,-52.24609375
-48.33984375,-27.83203125,-45.8984375,-52.734375
-49.8046875,-59.5703125,-47.8515625,-58.59375
-62.01171875,-87.890625,-50.29296875,-65.91796875
-72.265625,-91.796875,-52.734375,-62.5
-64.453125,-37.59765625,-52.734375,-54.6875
-41.50390625,-3.90625,-48.828125,-53.22265625
-37.109375,-42.48046875,-46.875,-56.640625
-52.24609375,-83.984375,-43.9453125,-58.10546875
-60.546875,-71.77734375,-50.29296875,-54.6875
-56.640625,-42.96875,-50.78125,-47.8515625
-39.0625,-11.71875,-48.828125,-41.9921875
-34.1796875,-11.23046875,-51.26953125,-39.0625
-51.7578125,-77.63671875,-53.7109375,-53.22265625
-61.5234375,-95.21484375,-50.78125,-55.6640625
-58.59375,-56.15234375,-47.36328125,-44.921875
-46.38671875,-24.4140625,-48.33984375,-44.43359375
-37.59765625,-28.80859375,-43.45703125,-44.921875
-49.31640625,-73.2421875,-39.0625,-47.36328125
-64.453125,-85.44921875,-41.9921875,-49.8046875
-59.08203125,-38.57421875,-51.26953125,-45.8984375
-44.43359375,-2.9296875,-60.546875,-43.45703125
-33.69140625,-42.96875,-62.01171875,-46.38671875
-35.64453125,-65.4296875,-54.19921875,-49.31640625
-44.921875,-41.9921875,-49.8046875,-44.43359375
-48.33984375,-53.22265625,-45.8984375,-40.0390625
-35.64453125,-26.85546875,-39.55078125,-40.0390625
-19.04296875,-13.671875,-41.9921875,-40.0390625
-25.390625,-66.40625,-47.36328125,-46.875
-38.57421875,-85.9375,-52.734375,-51.26953125
-44.921875,-60.546875,-54.19921875,-46.38671875
-34.66796875,-20.5078125,-47.8515625,-38.57421875
-22.94921875,-7.8125,-43.9453125,-36.1328125
-34.1796875,-47.8515625,-44.43359375,-38.0859375
-58.59375,-85.44921875,-43.45703125,-47.8515625
-65.91796875,-63.4765625,-43.45703125,-46.875
-51.7578125,-6.34765625,-40.0390625,-38.0859375
-42.96875,-24.4140625,-37.109375,-42.96875
-44.43359375,-64.94140625,-41.50390625,-50.78125
-59.08203125,-73.2421875,-47.36328125,-56.15234375
-73.73046875,-80.078125,-48.828125,-51.26953125
-61.03515625,-40.52734375,-49.31640625,-38.0859375
-46.38671875,-14.16015625,-54.6875,-40.0390625
-44.921875,-37.109375,-52.24609375,-48.828125
-53.22265625,-77.1484375,-44.43359375,-55.6640625
-61.03515625,-74.21875,-43.9453125,-52.24609375
-58.10546875,-22.4609375,-43.45703125,-42.48046875
-46.875,-7.32421875,-41.015625,-46.38671875
-40.0390625,-10.7421875,-40.0390625,-51.7578125
-48.33984375,-64.453125,-43.9453125,-51.26953125
-61.5234375,-83.49609375,-42.96875,-46.38671875
-52.24609375,-26.3671875,-39.0625,-33.203125
-32.71484375,-16.11328125,-42.96875,-28.3203125
-32.71484375,-25.390625,-47.8515625,-39.55078125
-45.8984375,-66.40625,-45.41015625,-48.828125
-60.05859375,-73.73046875,-36.62109375,-52.24609375
-61.03515625,-25.390625,-31.73828125,-47.8515625
-37.59765625,0.0,-36.62109375,-41.9921875
-27.83203125,-16.6015625,-40.0390625,-44.43359375
-41.9921875,-55.17578125,-39.0625,-44.43359375
-62.98828125,-61.5234375,-45.41015625,-43.45703125
-66.89453125,-40.52734375,-53.22265625,-41.50390625
-52.24609375,-31.73828125,-55.6640625,-43.45703125
-40.52734375,-30.76171875,-54.19921875,-42.96875
-43.9453125,-63.96484375,-53.7109375,-41.9921875
-58.10546875,-67.3828125,-47.36328125,-41.9921875
-57.6171875,-41.015625,-40.52734375,-38.0859375
-38.0859375,-11.71875,-36.1328125,-38.57421875
-32.2265625,-15.625,-41.50390625,-48.33984375
-42.48046875,-62.5,-45.8984375,-56.640625
-51.26953125,-73.73046875,-43.45703125,-57.6171875
-56.640625,-54.19921875,-45.8984375,-49.31640625
-43.9453125,-2.9296875,-47.8515625,-41.015625
-32.71484375,-26.85546875,-48.33984375,-45.8984375
-46.38671875,-80.078125,-47.8515625,-51.26953125
-62.5,-75.1953125,-52.734375,-50.29296875
-67.87109375,-60.546875,-52.734375,-49.31640625
-53.7109375,-23.4375,-45.41015625,-44.921875
-33.69140625,-1.953125,-42.96875,-49.8046875
-39.0625,-38.57421875,-41.50390625,-61.03515625
-54.19921875,-74.21875,-43.9453125,-62.01171875
-58.59375,-65.91796875,-53.22265625,-59.08203125
-51.26953125,-36.62109375,-56.15234375,-56.640625
-33.203125,-8.30078125,-55.17578125,-49.31640625
-36.62109375,-25.87890625,-56.15234375,-48.828125
-58.10546875,-84.47265625,-56.640625,-56.15234375
-64.94140625,-91.796875,-55.6640625,-49.8046875
-54.19921875,-39.55078125,-49.8046875,-36.1328125
-38.57421875,-17.08984375,-53.7109375,-37.109375
-37.59765625,-41.015625,-60.546875,-51.26953125
-46.38671875,-71.77734375,-54.19921875,-52.734375
-55.17578125,-73.73046875,-50.78125,-37.59765625
-56.640625,-31.25,-52.734375,-33.203125
-43.45703125,-15.13671875,-52.24609375,-39.0625
-40.52734375,-40.0390625,-54.6875,-45.8984375
-51.7578125,-59.5703125,-59.08203125,-47.36328125
-60.546875,-57.6171875,-57.6171875,-47.8515625
-63.4765625,-42.96875,-54.6875,-50.78125
-50.29296875,-29.296875,-49.8046875,-46.875
-50.29296875,-45.8984375,-50.29296875,-53.7109375
-64.453125,-80.56640625,-56.640625,-63.4765625
-79.1015625,-89.84375,-66.40625,-66.89453125
-80.56640625,-58.59375,-60.546875,-65.4296875
-56.640625,-24.90234375,-48.828125,-57.12890625
-45.8984375,-19.53125,-45.8984375,-51.7578125
-52.734375,-49.31640625,-43.45703125,-53.7109375
-62.5,-92.7734375,-46.38671875,-56.15234375
-65.4296875,-64.94140625,-51.26953125,-51.26953125
-47.36328125,-7.32421875,-53.7109375,-46.875
-31.73828125,-28.3203125,-51.26953125,-45.41015625
-40.0390625,-66.89453125,-43.9453125,-47.8515625
-57.12890625,-81.0546875,-44.921875,-52.734375
-64.453125,-78.61328125,-54.6875,-46.875
-48.828125,-25.87890625,-48.33984375,-39.55078125
-33.203125,-8.30078125,-41.50390625,-46.875
-37.109375,-53.22265625,-44.921875,-49.8046875
-52.734375,-83.49609375,-48.828125,-47.8515625
-63.4765625,-63.96484375,-44.43359375,-47.36328125
-53.22265625,-32.71484375,-44.921875,-42.96875
-41.50390625,-26.3671875,-49.31640625,-41.015625
-46.875,-38.0859375,-42.48046875,-43.45703125
-57.6171875,-87.40234375,-41.015625,-49.31640625
-63.96484375,-98.6328125,-52.734375,-46.875
-54.19921875,-32.71484375,-59.08203125,-42.48046875
-37.109375,-22.4609375,-51.7578125,-46.38671875
-39.0625,-43.45703125,-48.828125,-53.7109375
-51.7578125,-71.2890625,-55.17578125,-61.5234375
-61.5234375,-84.47265625,-54.6875,-64.453125
-60.05859375,-34.66796875,-45.41015625,-63.4765625
-46.38671875,-12.20703125,-40.52734375,-60.05859375
-37.109375,-28.80859375,-40.0390625,-58.10546875
-54.19921875,-65.91796875,-50.29296875,-63.96484375
-69.3359375,-65.4296875,-54.19921875,-62.98828125
-58.59375,-32.71484375,-50.78125,-47.36328125
-40.0390625,-31.25,-57.12890625,-39.0625
-29.78515625,-44.43359375,-58.10546875,-44.921875
-38.57421875,-74.70703125,-46.38671875,-50.78125
-57.12890625,-76.66015625,-45.41015625,-52.24609375
-56.15234375,-41.9921875,-46.38671875,-42.48046875
-39.55078125,-18.06640625,-43.9453125,-41.9921875
-32.2265625,-8.7890625,-45.8984375,-48.33984375
-36.62109375,-37.59765625,-48.33984375,-46.875
-47.8515625,-83.49609375,-58.10546875,-52.24609375
-48.33984375,-49.31640625,-61.03515625,-47.36328125
-33.69140625,11.23046875,-48.33984375,-37.59765625
-25.390625,-20.99609375,-42.48046875,-44.43359375
-35.64453125,-77.63671875,-48.828125,-53.7109375
-52.734375,-70.3125,-44.921875,-52.24609375
-56.640625,-52.734375,-45.41015625,-48.33984375
-42.48046875,-24.90234375,-51.26953125,-40.52734375
-29.78515625,-17.08984375,-51.26953125,-35.64453125
-35.15625,-54.6875,-56.15234375,-43.45703125
-50.29296875,-78.61328125,-59.08203125,-49.31640625
-54.19921875,-51.7578125,-48.33984375,-44.43359375
-37.59765625,-6.8359375,-39.0625,-36.62109375
-25.390625,4.8828125,-39.0625,-38.57421875
-33.69140625,-23.4375,-39.55078125,-47.36328125
-52.734375,-74.21875,-43.9453125,-52.24609375
-57.6171875,-67.87109375,-42.48046875,-45.8984375
-39.55078125,-14.6484375,-37.59765625,-36.1328125
-24.90234375,-6.8359375,-43.9453125,-38.0859375
-33.203125,-49.8046875,-52.24609375,-45.8984375
-47.36328125,-62.01171875,-49.8046875,-46.875
-50.29296875,-51.26953125,-43.45703125,-41.015625
-43.45703125,-17.08984375,-43.45703125,-43.9453125
-33.203125,-4.39453125,-40.52734375,-47.36328125
-35.15625,-45.41015625,-36.62109375,-49.31640625
-52.734375,-68.359375,-39.0625,-49.31640625
-63.4765625,-47.8515625,-38.0859375,-46.38671875
-54.19921875,-44.43359375,-39.55078125,-41.9921875
-42.96875,-25.87890625,-47.8515625,-43.45703125
-37.59765625,-38.0859375,-47.36328125,-41.50390625
-49.31640625,-86.9140625,-47.36328125,-44.921875
-63.4765625,-79.1015625,-49.31640625,-47.8515625
-52.734375,-34.66796875,-45.8984375,-39.0625
-35.15625,-14.16015625,-41.015625,-35.15625
-31.25,-31.25,-37.109375,-37.59765625
-40.0390625,-75.1953125,-39.55078125,-50.78125
-47.36328125,-87.40234375,-44.921875,-54.6875
-44.921875,-35.64453125,-49.31640625,-43.45703125
-36.62109375,-13.18359375,-50.29296875,-41.015625
-33.203125,-44.921875,-48.33984375,-47.36328125
-48.33984375,-85.9375,-49.8046875,-51.7578125
-58.59375,-76.66015625,-51.26953125,-49.31640625
-57.6171875,-43.45703125,-45.41015625,-45.8984375
-47.36328125,-4.39453125,-43.9453125,-42.48046875
-35.64453125,-9.765625,-41.015625,-41.015625
-42.96875,-72.75390625,-39.0625,-46.875
-55.6640625,-82.51953125,-41.015625,-52.734375
-57.12890625,-49.31640625,-44.43359375,-50.29296875
-49.31640625,-16.6015625,-48.828125,-50.29296875
-44.921875,-19.53125,-50.78125,-52.734375
-43.9453125,-40.0390625,-51.26953125,-54.19921875
-53.7109375,-83.0078125,-53.7109375,-59.08203125
-61.03515625,-72.75390625,-56.640625,-57.6171875
-44.43359375,-23.4375,-51.7578125,-52.24609375
-29.296875,-16.6015625,-45.8984375,-48.828125
-38.0859375,-61.03515625,-48.828125,-57.12890625
-54.19921875,-87.890625,-55.17578125,-63.4765625
-60.546875,-60.546875,-50.29296875,-57.6171875
-47.8515625,-9.27734375,-54.19921875,-57.12890625
-39.0625,-18.5546875,-58.10546875,-59.5703125
-50.78125,-76.66015625,-48.33984375,-61.03515625
-57.12890625,-76.66015625,-42.96875,-60.546875
-64.94140625,-49.8046875,-48.828125,-60.05859375
-63.4765625,-30.76171875,-52.734375,-60.546875
-42.48046875,-34.1796875,-45.8984375,-60.05859375
-44.921875,-48.828125,-47.36328125,-59.5703125
-63.4765625,-74.70703125,-57.12890625,-65.91796875
-65.91796875,-57.12890625,-54.6875,-58.59375
-56.640625,-24.90234375,-49.8046875,-48.828125
-45.8984375,-33.69140625,-53.22265625,-50.29296875
-48.828125,-54.19921875,-55.17578125,-55.6640625
-61.5234375,-81.0546875,-51.26953125,-58.10546875
-63.96484375,-83.0078125,-48.33984375,-50.78125
-55.6640625,-41.015625,-52.24609375,-44.43359375
-34.66796875,-0.48828125,-53.22265625,-37.59765625
-29.296875,-31.25,-48.33984375,-42.48046875
-41.50390625,-91.30859375,-46.875,-44.43359375
-48.33984375,-88.37890625,-49.31640625,-40.52734375
-46.38671875,-40.52734375,-48.828125,-38.0859375
-29.78515625,-18.5546875,-48.828125,-34.66796875
-27.34375,-37.109375,-47.36328125,-38.0859375
-47.36328125,-69.82421875,-43.45703125,-50.78125
-62.98828125,-78.61328125,-38.57421875,-57.6171875
-64.94140625,-40.52734375,-37.109375,-52.24609375
-51.26953125,-19.04296875,-35.64453125,-48.828125
-50.29296875,-32.71484375,-41.50390625,-52.734375
-56.15234375,-42.96875,-46.875,-55.6640625
-60.546875,-83.0078125,-47.36328125,-53.22265625
-62.98828125,-54.6875,-46.875,-51.26953125
-37.109375,0.0,-43.45703125,-46.875
-22.4609375,-21.97265625,-42.48046875,-46.875
-35.15625,-56.640625,-41.9921875,-47.8515625
-51.7578125,-79.58984375,-39.0625,-45.8984375
-54.19921875,-55.6640625,-38.57421875,-40.52734375
-36.1328125,-19.53125,-37.59765625,-39.0625
-21.484375,-24.4140625,-35.64453125,-37.59765625
-26.3671875,-58.10546875,-43.9453125,-42.48046875
-42.96875,-71.2890625,-52.24609375,-45.8984375
-42.48046875,-44.43359375,-49.8046875,-36.62109375
-29.78515625,-19.04296875,-48.33984375,-32.71484375
-29.296875,-20.01953125,-48.828125,-38.57421875
-34.66796875,-50.78125,-48.33984375,-41.9921875
-46.875,-78.61328125,-45.41015625,-44.921875
-57.12890625,-50.78125,-42.96875,-39.55078125
-47.36328125,-7.32421875,-35.64453125,-37.59765625
-33.69140625,-19.53125,-41.015625,-41.9921875
-41.015625,-50.29296875,-49.8046875,-45.8984375
-51.7578125,-74.70703125,-43.45703125,-46.875
-60.546875,-70.3125,-46.875,-46.875
-59.08203125,-20.5078125,-46.875,-48.828125
-41.50390625,5.37109375,-41.015625,-47.8515625
-37.59765625,-51.26953125,-40.52734375,-49.31640625
-48.828125,-92.28515625,-44.921875,-51.26953125
-59.08203125,-74.70703125,-49.8046875,-50.78125
-52.734375,-29.296875,-51.26953125,-49.8046875
-39.55078125,-19.53125,-55.6640625,-47.8515625
-35.15625,-34.1796875,-54.19921875,-48.33984375
-42.96875,-73.2421875,-54.19921875,-54.6875
-54.19921875,-73.2421875,-53.7109375,-52.24609375
-49.8046875,-19.04296875,-50.78125,-41.9921875
-38.0859375,-24.90234375,-51.7578125,-39.55078125
-37.59765625,-39.0625,-47.8515625,-41.015625
-54.6875,-56.15234375,-53.7109375,-49.31640625
-73.2421875,-87.890625,-56.640625,-55.6640625
-68.359375,-50.29296875,-49.31640625,-51.26953125
-49.31640625,-25.390625,-50.78125,-49.31640625
-38.0859375,-45.41015625,-51.7578125,-53.22265625
-43.45703125,-69.3359375,-52.734375,-58.10546875
-56.640625,-72.265625,-43.45703125,-52.24609375
-56.640625,-41.50390625,-38.57421875,-48.828125
-38.0859375,-11.71875,-39.55078125,-47.8515625
-31.25,-15.625,-46.38671875,-53.22265625
-43.45703125,-60.05859375,-51.7578125,-61.5234375
-60.546875,-57.6171875,-46.875,-61.03515625
-65.4296875,-21.484375,-54.19921875,-57.6171875
-44.43359375,-14.16015625,-62.01171875,-59.5703125
-31.73828125,-19.53125,-59.08203125,-61.5234375
-41.9921875,-65.4296875,-52.734375,-60.546875
-54.19921875,-84.47265625,-53.22265625,-55.17578125
-52.734375,-54.6875,-49.8046875,-44.921875
-36.62109375,-8.7890625,-43.9453125,-37.59765625
-27.83203125,-9.27734375,-40.52734375,-47.36328125
-38.0859375,-46.38671875,-38.57421875,-51.7578125
-54.6875,-70.3125,-45.8984375,-45.41015625
-65.4296875,-67.3828125,-49.31640625,-49.31640625
-54.19921875,-12.20703125,-42.48046875,-46.875
-38.0859375,8.30078125,-36.1328125,-42.48046875
-46.875,-66.89453125,-38.57421875,-50.78125
-61.5234375,-85.9375,-44.921875,-50.78125
-63.96484375,-64.453125,-47.36328125,-43.9453125
-49.8046875,-39.0625,-47.36328125,-41.50390625
-36.1328125,-17.08984375,-43.45703125,-41.9921875
-38.57421875,-41.015625,-41.9921875,-52.24609375
-42.96875,-69.3359375,-44.43359375,-53.7109375
-58.10546875,-70.80078125,-50.78125,-52.24609375
-53.7109375,-30.2734375,-47.8515625,-50.78125
-30.76171875,-20.99609375,-43.45703125,-47.36328125
-31.73828125,-35.64453125,-46.38671875,-53.7109375
-45.8984375,-54.6875,-46.875,-56.15234375
-61.5234375,-82.03125,-54.19921875,-48.828125
-56.15234375,-51.26953125,-60.546875,-42.48046875
-33.203125,-15.13671875,-58.10546875,-38.57421875
-33.203125,-37.109375,-50.29296875,-46.38671875
-46.38671875,-63.4765625,-43.9453125,-59.08203125
-56.640625,-77.1484375,-48.33984375,-55.17578125
-57.12890625,-54.19921875,-50.78125,-52.24609375
-40.52734375,-9.765625,-47.36328125,-51.26953125
-34.1796875,-19.04296875,-49.31640625,-48.828125
-49.8046875,-59.5703125,-50.78125,-52.24609375
-67.87109375,-70.3125,-43.9453125,-51.26953125
-69.3359375,-32.2265625,-47.36328125,-42.96875
-51.26953125,-17.08984375,-57.6171875,-44.921875
-44.43359375,-43.9453125,-57.6171875,-47.8515625
-51.26953125,-69.3359375,-48.828125,-50.78125
-57.6171875,-70.3125,-44.921875,-50.78125
-56.640625,-41.9921875,-45.41015625,-45.8984375
-46.38671875,-6.34765625,-46.38671875,-50.29296875
-38.0859375,-18.06640625,-54.6875,-52.734375
-47.8515625,-50.29296875,-56.15234375,-56.640625
-59.5703125,-63.4765625,-50.78125,-60.05859375
-59.5703125,-70.80078125,-54.6875,-53.7109375
-52.734375,-27.34375,-53.22265625,-49.31640625
-35.64453125,-6.8359375,-47.8515625,-51.26953125
-35.64453125,-67.3828125,-46.875,-50.78125
-53.7109375,-90.8203125,-45.8984375,-48.33984375
-62.01171875,-67.87109375,-48.828125,-48.33984375
-47.36328125,-25.390625,-52.734375,-45.41015625
-30.76171875,-12.6953125,-52.24609375,-43.9453125
-36.62109375,-51.7578125,-52.24609375,-50.78125
-54.6875,-82.51953125,-47.8515625,-55.17578125
-67.3828125,-76.171875,-48.33984375,-55.6640625
-58.59375,-25.87890625,-54.19921875,-51.7578125
-38.0859375,-12.6953125,-48.828125,-43.9453125
-38.0859375,-43.9453125,-46.875,-45.41015625
-50.78125,-54.6875,-54.19921875,-49.8046875
-63.96484375,-81.0546875,-63.96484375,-48.828125
-60.05859375,-66.40625,-59.08203125,-48.33984375
-43.9453125,-1.953125,-43.9453125,-51.26953125
-42.96875,-26.3671875,-45.41015625,-54.19921875
-56.640625,-81.54296875,-50.29296875,-57.6171875
-75.1953125,-80.56640625,-47.8515625,-60.05859375
-65.91796875,-37.109375,-45.8984375,-50.78125
-39.0625,-14.16015625,-41.9921875,-38.0859375
-36.1328125,-31.73828125,-45.8984375,-41.9921875
-48.828125,-74.70703125,-49.8046875,-55.17578125
-66.40625,-78.125,-47.36328125,-49.31640625
-63.96484375,-21.484375,-41.9921875,-41.50390625
-45.8984375,-19.53125,-41.50390625,-44.43359375
-44.43359375,-44.43359375,-51.26953125,-50.78125
-55.6640625,-66.40625,-48.828125,-55.17578125
-69.3359375,-93.75,-45.41015625,-56.15234375
-68.359375,-52.734375,-46.38671875,-49.8046875
-53.7109375,-17.578125,-43.9453125,-47.36328125
-45.8984375,-30.76171875,-46.38671875,-50.29296875
-52.734375,-68.84765625,-50.29296875,-53.22265625
-62.01171875,-85.44921875,-54.6875,-51.7578125
-64.453125,-57.6171875,-57.6171875,-43.45703125
-45.8984375,-19.53125,-52.24609375,-41.015625
-37.109375,-13.18359375,-42.48046875,-49.31640625
-48.33984375,-68.84765625,-41.50390625,-58.59375
-53.7109375,-91.30859375,-42.96875,-54.19921875
-52.24609375,-55.6640625,-45.41015625,-42.48046875
-35.64453125,-18.5546875,-54.6875,-46.38671875
-30.76171875,-4.8828125,-56.15234375,-54.6875
-45.41015625,-42.48046875,-51.26953125,-60.05859375
-58.10546875,-87.890625,-55.6640625,-68.359375
-65.4296875,-70.3125,-61.03515625,-65.91796875
-55.17578125,-16.6015625,-50.78125,-54.19921875
-42.48046875,-20.5078125,-42.96875,-54.6875
-46.38671875,-62.5,-50.29296875,-67.3828125
-57.6171875,-52.24609375,-51.7578125,-62.01171875
-60.546875,-42.96875,-49.31640625,-44.43359375
-53.22265625,-31.25,-43.9453125,-47.8515625
-44.921875,-14.6484375,-47.8515625,-61.5234375
-48.33984375,-54.19921875,-56.15234375,-64.453125
-56.640625,-88.37890625,-49.31640625,-60.546875
-65.4296875,-76.171875,-46.38671875,-51.26953125
-58.59375,-42.96875,-51.7578125,-46.38671875
-42.48046875,-16.11328125,-49.8046875,-47.8515625
-39.55078125,-38.57421875,-39.0625,-53.22265625
-47.36328125,-87.890625,-43.45703125,-53.7109375
-57.6171875,-77.63671875,-52.734375,-49.31640625
-48.828125,-7.32421875,-55.6640625,-49.31640625
-35.64453125,-6.8359375,-59.08203125,-48.828125
-41.50390625,-58.59375,-58.59375,-56.15234375
-60.05859375,-78.125,-63.4765625,-72.265625
-72.75390625,-78.61328125,-65.4296875,-65.4296875
-66.89453125,-42.96875,-58.10546875,-52.24609375
-49.8046875,-16.6015625,-56.640625,-58.59375
-45.41015625,-32.71484375,-56.15234375,-60.546875
-53.7109375,-64.94140625,-48.828125,-51.7578125
-61.03515625,-71.2890625,-41.50390625,-45.8984375
-59.5703125,-41.015625,-50.78125,-49.8046875
-42.48046875,-8.7890625,-59.5703125,-48.33984375
-38.0859375,-14.16015625,-56.640625,-45.8984375
-50.29296875,-66.40625,-49.8046875,-54.19921875
-63.96484375,-96.19140625,-45.41015625,-60.05859375
-67.87109375,-57.6171875,-47.36328125,-52.24609375
-52.24609375,-20.5078125,-42.48046875,-51.7578125
-43.9453125,-27.34375,-46.38671875,-57.6171875
-47.8515625,-67.87109375,-49.31640625,-57.12890625
-58.10546875,-91.30859375,-45.8984375,-52.24609375
-59.08203125,-58.59375,-41.9921875,-42.96875
-40.0390625,-8.7890625,-41.015625,-39.0625
-25.390625,-5.37109375,-45.41015625,-36.62109375
-32.71484375,-47.8515625,-44.43359375,-41.9921875
-53.22265625,-63.96484375,-54.19921875,-52.734375
-57.6171875,-66.40625,-62.01171875,-41.50390625
-40.52734375,-27.83203125,-45.8984375,-31.25
-32.2265625,-7.8125,-36.1328125,-40.0390625
-34.1796875,-61.03515625,-42.48046875,-45.41015625
-47.36328125,-80.078125,-47.36328125,-48.33984375
-55.17578125,-61.03515625,-46.38671875,-43.45703125
-45.8984375,-20.99609375,-44.921875,-31.73828125
-34.1796875,-10.7421875,-44.43359375,-33.69140625
-37.59765625,-49.8046875,-50.78125,-45.8984375
-54.19921875,-89.84375,-60.546875,-51.26953125
-55.17578125,-68.359375,-56.15234375,-41.015625
-47.36328125,0.48828125,-50.78125,-36.62109375
-36.62109375,-17.08984375,-45.8984375,-37.59765625
-34.66796875,-70.80078125,-37.109375,-41.9921875
-47.36328125,-75.1953125,-32.2265625,-53.7109375
-56.15234375,-74.21875,-35.15625,-52.24609375
-47.8515625,-17.08984375,-43.45703125,-43.45703125
-34.1796875,0.48828125,-47.8515625,-46.38671875
-37.109375,-44.921875,-46.875,-54.6875
-50.29296875,-72.75390625,-44.921875,-54.19921875
-62.01171875,-73.73046875,-49.31640625,-52.24609375
-56.640625,-41.50390625,-53.22265625,-52.24609375
-34.66796875,-22.94921875,-48.828125,-47.8515625
-32.71484375,-11.23046875,-51.26953125,-49.31640625
-48.828125,-65.91796875,-53.22265625,-59.5703125
-62.98828125,-103.02734375,-51.7578125,-61.03515625
-59.08203125,-42.48046875,-46.38671875,-52.24609375
-41.50390625,-11.71875,-44.43359375,-48.33984375
-39.0625,-35.64453125,-48.33984375,-51.26953125
-49.31640625,-60.546875,-45.8984375,-49.31640625
-57.6171875,-71.77734375,-46.38671875,-43.45703125
-58.10546875,-33.69140625,-51.26953125,-42.48046875
-35.64453125,-8.30078125,-47.36328125,-38.0859375
-26.85546875,-42.96875,-34.66796875,-38.57421875
-42.48046875,-65.4296875,-41.9921875,-50.29296875
-58.59375,-67.87109375,-50.29296875,-53.22265625
-63.96484375,-66.89453125,-44.43359375,-47.36328125
-47.8515625,-36.1328125,-42.96875,-44.921875
-36.1328125,-12.6953125,-39.0625,-48.828125
-44.43359375,-60.05859375,-37.109375,-55.17578125
-57.12890625,-77.63671875,-37.109375,-54.19921875
-60.05859375,-53.7109375,-38.57421875,-49.31640625
-48.33984375,-18.5546875,-43.45703125,-52.24609375
-34.66796875,-12.20703125,-50.29296875,-53.7109375
-42.96875,-49.8046875,-54.6875,-57.12890625
-61.03515625,-79.1015625,-49.31640625,-57.6171875
-65.4296875,-60.05859375,-42.48046875,-49.8046875
-52.734375,-5.859375,-40.52734375,-45.8984375
-35.15625,-18.06640625,-39.0625,-42.48046875
-40.0390625,-69.82421875,-43.45703125,-47.8515625
-53.22265625,-82.51953125,-46.875,-48.828125
-57.6171875,-64.453125,-43.9453125,-45.41015625
-41.9921875,-18.06640625,-44.43359375,-43.45703125
-24.90234375,-2.44140625,-48.33984375,-38.0859375
-31.73828125,-30.76171875,-53.7109375,-46.875
-50.29296875,-66.89453125,-54.19921875,-64.94140625
-60.05859375,-69.82421875,-48.828125,-60.546875
-54.19921875,-33.203125,-48.828125,-51.7578125
-37.109375,-12.20703125,-47.36328125,-46.875
-40.52734375,-28.3203125,-42.48046875,-48.33984375
-60.546875,-86.42578125,-42.96875,-57.12890625
-74.21875,-88.8671875,-48.33984375,-56.640625
-63.4765625,-31.25,-45.41015625,-46.875
-38.0859375,-19.53125,-38.0859375,-43.45703125
-33.203125,-34.66796875,-46.38671875,-45.8984375
-46.875,-65.91796875,-51.7578125,-49.31640625
-56.640625,-73.2421875,-47.8515625,-42.96875
-47.8515625,-30.76171875,-49.8046875,-36.1328125
-28.80859375,-6.34765625,-44.43359375,-37.59765625
-26.3671875,-36.62109375,-43.9453125,-40.52734375
-43.9453125,-65.4296875,-41.50390625,-48.33984375
-58.10546875,-61.03515625,-37.109375,-48.828125
-60.546875,-57.6171875,-42.48046875,-43.9453125
-45.41015625,-30.76171875,-42.96875,-42.96875
-33.69140625,-23.92578125,-45.8984375,-45.41015625
-47.36328125,-67.87109375,-54.6875,-60.05859375
-61.5234375,-73.2421875,-57.6171875,-68.84765625
-64.453125,-44.921875,-56.15234375,-61.5234375
-54.19921875,-35.15625,-50.78125,-59.5703125
-42.48046875,-30.76171875,-48.33984375,-62.01171875
-48.33984375,-60.05859375,-52.24609375,-60.05859375
-66.89453125,-92.7734375,-53.22265625,-60.546875
-71.2890625,-66.40625,-46.38671875,-54.19921875
-46.38671875,5.37109375,-39.0625,-38.57421875
-34.1796875,-23.92578125,-41.9921875,-41.015625
-43.9453125,-81.0546875,-43.9453125,-50.78125
-52.24609375,-77.1484375,-45.8984375,-48.33984375
-60.05859375,-64.94140625,-47.8515625,-41.50390625
-51.7578125,-29.296875,-48.828125,-38.0859375
-28.3203125,-25.390625,-47.8515625,-38.57421875
-33.203125,-53.7109375,-48.828125,-41.50390625
-52.24609375,-59.5703125,-48.828125,-46.38671875
-62.5,-48.33984375,-46.38671875,-46.38671875
-55.17578125,-27.83203125,-44.921875,-41.9921875
-41.50390625,-11.23046875,-45.41015625,-42.48046875
-51.7578125,-25.390625,-46.38671875,-50.29296875
-64.453125,-76.66015625,-48.828125,-56.640625
-72.75390625,-94.23828125,-55.6640625,-57.12890625
-65.4296875,-46.38671875,-61.5234375,-53.7109375
-43.9453125,-24.90234375,-54.6875,-46.875
-45.8984375,-48.828125,-47.36328125,-47.8515625
-56.15234375,-79.1015625,-46.38671875,-51.7578125
-59.5703125,-66.89453125,-46.38671875,-43.45703125
-55.6640625,-26.85546875,-51.26953125,-41.015625
-41.9921875,-13.18359375,-52.734375,-45.41015625
-40.0390625,-38.57421875,-47.8515625,-49.31640625
-52.24609375,-65.91796875,-46.38671875,-54.19921875
-62.5,-46.38671875,-46.875,-54.19921875
-54.6875,-38.57421875,-50.78125,-49.31640625
-39.55078125,-45.41015625,-55.6640625,-51.7578125
-35.15625,-37.109375,-52.24609375,-53.7109375
-41.50390625,-62.01171875,-55.17578125,-53.22265625
-55.6640625,-75.1953125,-56.15234375,-46.38671875
-58.59375,-53.7109375,-48.828125,-37.109375
-41.9921875,-16.6015625,-41.9921875,-31.25
-39.0625,-26.3671875,-42.96875,-34.66796875
-49.8046875,-75.1953125,-48.33984375,-46.38671875
-64.453125,-83.49609375,-44.43359375,-53.22265625
-70.3125,-56.640625,-43.9453125,-50.29296875
-50.29296875,-15.625,-41.50390625,-49.31640625
-41.015625,-41.50390625,-36.62109375,-49.8046875
-56.640625,-81.0546875,-40.52734375,-56.15234375
-64.94140625,-74.70703125,-42.96875,-58.59375
-62.5,-63.96484375,-45.41015625,-49.8046875
-52.24609375,-22.4609375,-43.45703125,-43.9453125
-43.45703125,-29.296875,-44.921875,-49.8046875
-45.8984375,-55.6640625,-57.6171875,-55.6640625
-53.7109375,-68.359375,-58.59375,-53.22265625
-55.6640625,-61.5234375,-48.828125,-44.43359375
-45.41015625,-19.04296875,-41.9921875,-36.1328125
-32.2265625,-9.765625,-37.59765625,-34.66796875
-38.57421875,-36.62109375,-38.57421875,-40.0390625
-50.29296875,-79.58984375,-40.52734375,-44.43359375
-52.734375,-76.171875,-41.9921875,-37.59765625
-48.33984375,-18.5546875,-36.62109375,-32.71484375
-41.9921875,-18.5546875,-41.50390625,-38.0859375
-45.41015625,-49.31640625,-48.828125,-43.9453125
-60.05859375,-64.453125,-45.41015625,-52.24609375
-73.2421875,-73.2421875,-43.9453125,-55.17578125
-62.98828125,-51.7578125,-42.96875,-49.31640625
-41.50390625,-26.3671875,-46.875,-48.828125
-36.1328125,-50.78125,-46.38671875,-48.33984375
-51.26953125,-70.3125,-44.921875,-47.36328125
-57.6171875,-52.24609375,-43.9453125,-49.8046875
-47.36328125,-47.8515625,-42.96875,-47.36328125
-31.25,-24.90234375,-44.921875,-41.015625
-28.80859375,-33.69140625,-41.9921875,-43.45703125
-47.8515625,-77.1484375,-45.41015625,-51.7578125
-62.01171875,-72.265625,-45.8984375,-52.734375
-60.05859375,-33.203125,-39.55078125,-43.9453125
-44.43359375,-21.484375,-36.62109375,-43.45703125
-38.57421875,-31.73828125,-40.0390625,-48.33984375
-52.734375,-64.94140625,-47.36328125,-54.6875
-66.40625,-86.9140625,-48.33984375,-55.6640625
-64.94140625,-42.96875,-48.828125,-52.24609375
-48.33984375,-4.8828125,-49.8046875,-53.7109375
-36.62109375,-35.64453125,-44.921875,-51.26953125
-45.8984375,-74.21875,-46.875,-53.7109375
-67.3828125,-83.49609375,-61.5234375,-58.10546875
-66.89453125,-52.734375,-55.6640625,-50.78125
-41.9921875,-10.25390625,-47.8515625,-45.41015625
-34.1796875,-22.4609375,-46.38671875,-52.24609375
-39.55078125,-66.40625,-40.52734375,-63.96484375
-56.640625,-78.125,-46.875,-65.4296875
-58.59375,-54.19921875,-51.26953125,-50.78125
-39.0625,-32.71484375,-51.7578125,-52.24609375
-31.25,-19.53125,-51.26953125,-55.17578125
-36.62109375,-40.0390625,-46.38671875,-50.78125
-44.921875,-78.125,-43.9453125,-48.828125
-50.78125,-78.61328125,-46.38671875,-40.52734375
-41.015625,-36.62109375,-53.7109375,-41.015625
-23.92578125,-14.16015625,-57.12890625,-43.45703125
-33.203125,-47.8515625,-46.875,-47.8515625
-56.640625,-84.47265625,-42.48046875,-53.22265625
-61.03515625,-71.2890625,-47.8515625,-43.9453125
-43.45703125,-27.34375,-47.8515625,-36.62109375
-28.3203125,-13.18359375,-43.45703125,-39.55078125
-36.1328125,-54.19921875,-43.9453125,-46.875
-56.15234375,-77.1484375,-45.41015625,-49.8046875
-62.5,-53.7109375,-45.8984375,-42.96875
-47.8515625,-26.85546875,-45.41015625,-33.69140625
-40.0390625,-15.13671875,-43.9453125,-33.69140625
-48.828125,-47.8515625,-44.43359375,-45.41015625
-67.87109375,-87.890625,-41.50390625,-54.19921875
-76.171875,-72.265625,-37.59765625,-52.734375
-64.453125,-30.76171875,-35.64453125,-46.38671875
-45.8984375,-6.34765625,-36.62109375,-48.33984375
-41.9921875,-33.203125,-40.52734375,-54.19921875
-56.15234375,-68.359375,-48.33984375,-49.8046875
-69.3359375,-66.40625,-46.875,-47.36328125
-58.59375,-32.71484375,-44.43359375,-44.43359375
-40.0390625,-6.8359375,-51.7578125,-40.0390625
-37.59765625,-37.59765625,-48.33984375,-43.9453125
-47.36328125,-93.75,-50.29296875,-46.875
-51.7578125,-74.70703125,-51.7578125,-47.36328125
-43.9453125,-30.2734375,-44.921875,-39.0625
-29.296875,7.8125,-46.875,-33.69140625
-23.92578125,-22.4609375,-53.22265625,-40.0390625
-35.15625,-87.40234375,-58.10546875,-45.41015625
-50.29296875,-80.56640625,-57.6171875,-43.45703125
-53.7109375,-48.33984375,-51.7578125,-40.0390625
-41.015625,-24.90234375,-50.29296875,-40.52734375
-27.34375,-22.94921875,-42.48046875,-42.96875
-34.66796875,-45.41015625,-40.52734375,-50.29296875
-50.78125,-79.1015625,-51.26953125,-50.29296875
-55.17578125,-63.96484375,-52.734375,-47.36328125
-41.50390625,-13.18359375,-42.96875,-46.38671875
-39.55078125,-8.30078125,-42.96875,-53.7109375
-53.22265625,-57.6171875,-47.8515625,-68.84765625
-65.91796875,-72.75390625,-42.48046875,-70.3125
-69.3359375,-48.828125,-40.52734375,-63.96484375
-55.17578125,-11.23046875,-42.48046875,-59.08203125
-42.96875,-10.7421875,-41.9921875,-59.5703125
-48.33984375,-80.078125,-45.8984375,-64.94140625
-62.5,-81.54296875,-57.6171875,-61.5234375
-64.453125,-38.57421875,-51.7578125,-54.6875
-48.33984375,-30.76171875,-40.0390625,-53.22265625
-37.59765625,-36.62109375,-43.45703125,-54.6875
-41.50390625,-50.78125,-41.9921875,-52.24609375
-58.10546875,-86.9140625,-41.9921875,-48.33984375
-68.359375,-74.21875,-44.921875,-44.43359375
-56.15234375,-23.92578125,-42.96875,-38.57421875
-39.0625,-19.53125,-40.52734375,-40.52734375
-39.0625,-53.7109375,-45.8984375,-46.38671875
-51.26953125,-82.51953125,-55.6640625,-48.828125
-60.546875,-78.61328125,-56.15234375,-45.8984375
-53.7109375,-30.76171875,-51.7578125,-42.96875
-39.0625,0.48828125,-48.828125,-44.43359375
-41.9921875,-50.78125,-50.29296875,-50.78125
-55.6640625,-102.5390625,-48.828125,-54.6875
-60.05859375,-83.984375,-42.96875,-50.78125
-56.15234375,-42.48046875,-45.41015625,-49.31640625
-41.50390625,-15.13671875,-46.875,-46.38671875
-37.109375,-29.78515625,-43.45703125,-48.33984375
-51.26953125,-77.63671875,-48.33984375,-53.22265625
-60.05859375,-91.30859375,-54.19921875,-44.921875
-59.08203125,-37.109375,-54.6875,-41.50390625
-41.9921875,-7.8125,-49.31640625,-40.0390625
-38.57421875,-28.80859375,-41.50390625,-41.015625
-57.6171875,-45.8984375,-39.55078125,-47.36328125
-66.89453125,-79.1015625,-45.41015625,-48.828125
-61.5234375,-61.5234375,-41.9921875,-41.9921875
-48.828125,-13.671875,-41.9921875,-42.48046875
-37.59765625,-44.921875,-42.96875,-45.41015625
-40.52734375,-83.49609375,-41.015625,-49.31640625
-57.12890625,-75.1953125,-46.875,-55.6640625
-60.546875,-45.41015625,-53.7109375,-53.22265625
-36.1328125,-20.01953125,-51.26953125,-42.48046875
-23.4375,-8.30078125,-44.921875,-43.45703125
-36.62109375,-54.19921875,-49.8046875,-60.05859375
-56.15234375,-74.70703125,-55.6640625,-67.87109375
-60.546875,-38.0859375,-53.22265625,-60.05859375
-43.9453125,-18.5546875,-55.17578125,-51.26953125
-33.203125,-25.87890625,-58.59375,-46.38671875
-40.0390625,-57.6171875,-53.22265625,-48.33984375
-58.10546875,-81.54296875,-54.6875,-55.17578125
-62.01171875,-51.26953125,-52.24609375,-42.48046875
-49.8046875,-19.04296875,-49.8046875,-32.71484375
-37.59765625,-34.1796875,-46.38671875,-35.64453125
-39.0625,-66.89453125,-38.57421875,-36.62109375
-53.7109375,-83.49609375,-41.9921875,-43.45703125
-59.5703125,-62.98828125,-45.41015625,-42.96875
-50.29296875,-28.3203125,-45.8984375,-41.9921875
-37.109375,0.48828125,-39.0625,-44.43359375
-35.64453125,-37.109375,-35.64453125,-46.38671875
-51.7578125,-96.6796875,-47.36328125,-52.734375
-61.5234375,-78.61328125,-50.78125,-42.48046875
-53.7109375,-19.53125,-47.8515625,-38.0859375
-38.57421875,5.859375,-45.8984375,-45.8984375
-36.62109375,-32.71484375,-46.875,-50.78125
-53.7109375,-83.984375,-52.24609375,-54.6875
-71.77734375,-69.3359375,-57.6171875,-53.7109375
-62.5,-12.6953125,-51.7578125,-51.7578125
-45.8984375,-17.578125,-47.36328125,-47.8515625
-48.828125,-46.38671875,-51.26953125,-52.24609375
-62.01171875,-61.5234375,-47.36328125,-53.22265625
-75.68359375,-84.9609375,-48.33984375,-48.828125
-70.80078125,-56.640625,-48.33984375,-48.828125
-48.828125,-22.94921875,-42.96875,-46.875
-44.43359375,-28.80859375,-42.96875,-47.36328125
-56.640625,-61.03515625,-46.38671875,-53.22265625
-65.4296875,-75.68359375,-53.22265625,-55.17578125
-64.453125,-42.96875,-54.6875,-50.78125
-48.33984375,-12.20703125,-51.7578125,-46.875
-42.96875,-20.5078125,-44.43359375,-53.7109375
-54.6875,-70.3125,-44.43359375,-60.546875
-60.546875,-66.89453125,-48.33984375,-59.5703125
-58.59375,-19.04296875,-45.8984375,-54.6875
-49.8046875,-15.13671875,-48.33984375,-45.8984375
-43.9453125,-59.5703125,-54.19921875,-48.828125
-49.31640625,-83.0078125,-53.22265625,-59.5703125
-54.6875,-77.63671875,-46.38671875,-51.26953125
-53.7109375,-54.6875,-51.7578125,-43.45703125
-46.875,-15.625,-57.12890625,-43.45703125
-40.0390625,-9.765625,-46.875,-43.45703125
-47.36328125,-52.734375,-42.48046875,-49.8046875
-61.03515625,-74.70703125,-50.29296875,-55.17578125
-62.98828125,-63.4765625,-49.31640625,-45.41015625
-54.19921875,-26.3671875,-45.41015625,-41.015625
-42.48046875,4.8828125,-47.8515625,-42.48046875
-44.921875,-60.546875,-52.24609375,-53.7109375
-60.546875,-101.5625,-58.59375,-66.40625
-62.01171875,-61.03515625,-57.6171875,-56.15234375
-54.19921875,-33.203125,-56.15234375,-52.24609375
-40.52734375,-18.06640625,-52.734375,-56.15234375
-39.55078125,-49.8046875,-52.734375,-52.734375
-62.5,-89.35546875,-62.5,-59.08203125
-75.1953125,-76.171875,-59.5703125,-56.15234375
-61.5234375,-22.4609375,-44.43359375,-46.38671875
-46.38671875,-13.18359375,-39.0625,-53.22265625
-49.8046875,-38.57421875,-45.41015625,-60.05859375
-65.4296875,-58.59375,-46.875,-62.98828125
-77.1484375,-83.0078125,-47.36328125,-62.5
-64.94140625,-46.38671875,-51.7578125,-53.7109375
-44.43359375,-9.765625,-49.31640625,-49.31640625
-43.9453125,-41.50390625,-43.45703125,-49.8046875
-56.15234375,-69.82421875,-40.0390625,-54.6875
-61.03515625,-71.2890625,-40.0390625,-50.78125
-54.19921875,-51.26953125,-46.38671875,-40.52734375
-38.0859375,-28.3203125,-51.26953125,-37.109375
-34.66796875,-41.9921875,-48.33984375,-38.57421875
-46.38671875,-77.1484375,-44.921875,-44.43359375
-61.03515625,-76.171875,-47.8515625,-46.875
-54.6875,-21.484375,-49.31640625,-40.0390625
-32.2265625,-17.08984375,-43.45703125,-32.2265625
-32.2265625,-53.7109375,-41.50390625,-37.109375
-49.8046875,-75.1953125,-47.36328125,-47.8515625
-61.03515625,-81.0546875,-43.9453125,-47.36328125
-58.10546875,-55.17578125,-42.48046875,-41.9921875
-47.36328125,-24.4140625,-47.8515625,-41.9921875
-41.50390625,-27.34375,-43.45703125,-47.8515625
-49.8046875,-52.24609375,-39.55078125,-57.6171875
-60.546875,-63.96484375,-42.48046875,-54.6875
-57.12890625,-61.03515625,-43.45703125,-51.26953125
-41.015625,-14.6484375,-48.828125,-55.17578125
-31.25,1.46484375,-52.734375,-58.59375
-43.9453125,-63.96484375,-55.17578125,-59.08203125
-62.5,-81.54296875,-55.6640625,-55.6640625
-62.98828125,-61.03515625,-54.19921875,-41.9921875
-43.9453125,-22.4609375,-50.29296875,-35.15625
-30.2734375,-2.44140625,-39.55078125,-40.52734375
-37.59765625,-45.41015625,-30.2734375,-39.55078125
-52.734375,-67.87109375,-33.203125,-41.50390625
-59.08203125,-49.31640625,-40.0390625,-42.96875
-47.8515625,-17.578125,-40.0390625,-41.9921875
-31.25,-12.6953125,-41.9921875,-38.57421875
-33.203125,-40.0390625,-44.921875,-41.9921875
-54.19921875,-64.94140625,-41.50390625,-49.8046875
-63.96484375,-74.70703125,-43.9453125,-50.29296875
-52.734375,-48.828125,-42.96875,-42.96875
-40.52734375,-28.3203125,-47.36328125,-42.48046875
-43.9453125,-53.22265625,-51.26953125,-54.6875
-59.5703125,-82.51953125,-43.9453125,-60.546875
-68.359375,-67.3828125,-45.41015625,-46.875
-56.640625,-28.3203125,-46.38671875,-39.55078125
-36.62109375,-13.671875,-40.52734375,-42.96875
-35.64453125,-34.1796875,-39.55078125,-49.31640625
-52.734375,-77.1484375,-47.36328125,-59.5703125
-59.08203125,-67.87109375,-53.7109375,-57.6171875
-48.33984375,-13.18359375,-52.734375,-51.26953125
-33.69140625,-24.4140625,-50.78125,-55.6640625
-29.78515625,-40.0390625,-50.29296875,-57.6171875
-44.921875,-70.3125,-47.36328125,-56.15234375
-55.6640625,-88.8671875,-46.875,-50.78125
-46.875,-27.34375,-47.36328125,-47.36328125
-29.296875,-5.37109375,-52.24609375,-44.43359375
-25.87890625,-20.99609375,-54.6875,-42.96875
-40.52734375,-57.6171875,-45.8984375,-46.38671875
-61.03515625,-69.82421875,-39.55078125,-50.29296875
-70.3125,-46.875,-50.29296875,-55.17578125
-53.22265625,-17.578125,-51.26953125,-48.828125
-42.48046875,-11.71875,-44.43359375,-44.43359375
-55.17578125,-69.3359375,-45.8984375,-45.41015625
-70.3125,-95.703125,-44.921875,-48.828125
-69.3359375,-56.640625,-46.875,-47.36328125
-54.19921875,-31.73828125,-48.33984375,-42.96875
-44.921875,-28.3203125,-48.33984375,-48.828125
-55.6640625,-53.22265625,-54.19921875,-62.5
-67.87109375,-89.84375,-58.59375,-68.359375
-67.3828125,-59.08203125,-58.10546875,-59.08203125
-51.26953125,-10.7421875,-55.6640625,-51.7578125
-40.52734375,-20.5078125,-45.8984375,-54.19921875
-50.78125,-54.19921875,-44.921875,-63.4765625
-60.05859375,-52.24609375,-45.41015625,-66.40625
-64.453125,-71.2890625,-38.57421875,-58.59375
-54.6875,-48.33984375,-43.9453125,-56.640625
-41.9921875,-17.578125,-45.41015625,-57.6171875
-49.8046875,-60.05859375,-41.015625,-56.15234375
-64.453125,-79.58984375,-43.45703125,-56.15234375
-65.91796875,-64.453125,-46.875,-49.8046875
-52.734375,-37.59765625,-51.7578125,-43.45703125
-34.66796875,-10.7421875,-48.828125,-36.62109375
-33.203125,-44.43359375,-39.0625,-36.62109375
-48.33984375,-96.6796875,-41.9921875,-42.48046875
-57.6171875,-80.56640625,-42.48046875,-41.50390625
-52.24609375,-12.20703125,-41.9921875,-42.96875
-38.0859375,-17.08984375,-52.24609375,-45.41015625
-40.0390625,-66.40625,-55.6640625,-54.19921875
-52.734375,-78.125,-56.640625,-57.6171875
-61.03515625,-82.03125,-56.15234375,-48.33984375
-54.19921875,-35.15625,-49.31640625,-45.41015625
-34.66796875,-17.08984375,-48.828125,-41.9921875
-30.76171875,-43.9453125,-45.8984375,-41.50390625
-45.41015625,-68.359375,-44.43359375,-42.96875
-55.17578125,-73.73046875,-44.43359375,-39.0625
-52.24609375,-32.71484375,-42.96875,-37.109375
-39.55078125,-6.34765625,-48.828125,-41.50390625
-36.62109375,-8.30078125,-49.8046875,-48.828125
-48.33984375,-62.98828125,-48.33984375,-51.7578125
-58.59375,-104.00390625,-56.15234375,-53.7109375
-54.6875,-55.17578125,-51.7578125,-49.8046875
-38.0859375,-9.765625,-41.50390625,-41.9921875
-30.76171875,-28.3203125,-44.921875,-44.921875
-40.52734375,-59.5703125,-48.828125,-54.6875
-54.19921875,-68.84765625,-48.828125,-56.15234375
-57.12890625,-50.29296875,-47.36328125,-52.734375
-41.015625,-14.6484375,-43.9453125,-54.19921875
-24.4140625,-19.04296875,-42.96875,-51.26953125
-39.55078125,-61.5234375,-48.828125,-55.6640625
-63.96484375,-58.59375,-52.24609375,-62.5
-72.75390625,-65.91796875,-49.8046875,-58.59375
-60.05859375,-40.0390625,-43.9453125,-51.7578125
-46.38671875,-21.97265625,-41.9921875,-54.6875
-51.26953125,-78.61328125,-43.45703125,-60.546875
-60.546875,-77.63671875,-47.36328125,-52.734375
-59.08203125,-58.10546875,-48.33984375,-43.45703125
-38.57421875,-20.5078125,-42.48046875,-33.203125
-25.390625,-6.34765625,-39.55078125,-33.69140625
-34.1796875,-54.19921875,-43.9453125,-43.9453125
-46.875,-83.984375,-53.7109375,-48.828125
-51.7578125,-63.96484375,-51.26953125,-41.015625
-37.109375,-6.34765625,-40.0390625,-37.59765625
-22.4609375,-10.7421875,-36.1328125,-39.55078125
-35.15625,-64.94140625,-39.0625,-44.921875
-52.24609375,-78.125,-45.8984375,-51.26953125
-58.59375,-67.3828125,-50.78125,-50.29296875
-51.26953125,-15.13671875,-48.828125,-47.36328125
-39.0625,-3.90625,-41.9921875,-42.48046875
-43.9453125,-48.828125,-44.921875,-48.828125
-54.19921875,-77.63671875,-48.828125,-51.26953125
-61.03515625,-69.3359375,-55.17578125,-47.8515625
-54.6875,-27.34375,-55.6640625,-44.921875
-36.62109375,-3.90625,-43.9453125,-38.57421875
-35.64453125,-10.25390625,-34.1796875,-41.9921875
-55.17578125,-80.078125,-36.1328125,-54.6875
-67.3828125,-89.84375,-41.50390625,-52.734375
-61.5234375,-44.43359375,-50.29296875,-42.96875
-46.38671875,-22.4609375,-53.7109375,-45.41015625
-39.0625,-25.87890625,-51.7578125,-54.19921875
-39.55078125,-56.640625,-47.36328125,-50.29296875
-52.734375,-74.70703125,-43.45703125,-46.38671875
-51.26953125,-39.55078125,-48.33984375,-44.921875
-26.85546875,-6.8359375,-46.875,-42.96875
-26.85546875,-41.015625,-48.33984375,-53.7109375
-39.0625,-65.91796875,-45.41015625,-60.546875
-52.734375,-55.17578125,-42.96875,-58.59375
-58.10546875,-56.15234375,-44.43359375,-52.24609375
-41.9921875,-34.1796875,-40.0390625,-47.8515625
-35.15625,-24.90234375,-49.31640625,-54.19921875
-43.45703125,-55.6640625,-51.7578125,-57.12890625
-54.19921875,-77.1484375,-47.36328125,-49.31640625
-57.6171875,-52.24609375,-48.33984375,-46.38671875
-43.9453125,-13.671875,-46.875,-44.43359375
-33.69140625,-30.2734375,-53.7109375,-43.9453125
-42.48046875,-62.01171875,-54.6875,-48.828125
-57.12890625,-83.984375,-53.7109375,-50.29296875
-62.5,-57.12890625,-44.921875,-43.45703125
-49.31640625,1.46484375,-31.25,-34.1796875
-33.203125,-12.20703125,-33.69140625,-34.1796875
-37.59765625,-68.359375,-38.57421875,-42.96875
-55.6640625,-90.33203125,-41.015625,-45.41015625
-64.453125,-78.125,-45.8984375,-43.45703125
-50.78125,-16.11328125,-44.921875,-37.109375
-34.66796875,-4.8828125,-47.36328125,-39.0625
-39.55078125,-55.17578125,-56.15234375,-46.875
-55.6640625,-77.1484375,-60.05859375,-43.9453125
-65.91796875,-64.94140625,-56.15234375,-50.78125
-64.453125,-36.62109375,-51.26953125,-53.7109375
-53.22265625,-16.11328125,-46.38671875,-50.78125
-58.59375,-22.4609375,-45.41015625,-62.01171875
-75.1953125,-81.54296875,-46.38671875,-67.3828125
-80.078125,-82.03125,-42.48046875,-60.05859375
-69.3359375,-26.3671875,-41.015625,-51.26953125
-57.6171875,-24.90234375,-41.015625,-48.33984375
-60.546875,-50.78125,-44.921875,-59.08203125
-74.21875,-87.40234375,-49.31640625,-66.40625
-75.1953125,-74.70703125,-50.29296875,-54.19921875
-59.08203125,-44.43359375,-48.828125,-41.50390625
-41.015625,-28.80859375,-49.8046875,-41.9921875
-35.64453125,-34.1796875,-51.7578125,-48.33984375
-44.921875,-66.89453125,-51.26953125,-50.78125
-58.59375,-57.6171875,-50.78125,-44.921875
-60.05859375,-37.109375,-50.78125,-42.48046875
-43.45703125,-37.109375,-55.6640625,-45.41015625
-33.69140625,-38.57421875,-53.22265625,-49.31640625
-45.41015625,-71.2890625,-53.7109375,-53.7109375
-61.5234375,-68.359375,-56.640625,-57.6171875
-60.546875,-40.52734375,-50.78125,-52.734375
-42.48046875,-23.92578125,-52.24609375,-44.43359375
-34.66796875,-26.85546875,-56.640625,-52.734375
-44.43359375,-61.5234375,-58.59375,-63.96484375
-60.05859375,-79.58984375,-57.6171875,-60.546875
-65.91796875,-49.31640625,-49.8046875,-49.8046875
-47.8515625,9.765625,-50.78125,-42.48046875
-42.48046875,-23.4375,-50.29296875,-48.33984375
-57.6171875,-81.54296875,-49.31640625,-56.15234375
-65.91796875,-76.171875,-53.22265625,-54.6875
-67.3828125,-61.03515625,-52.734375,-50.29296875
-51.7578125,-16.6015625,-49.8046875,-41.9921875
-41.015625,-20.99609375,-47.36328125,-44.921875
-48.828125,-65.91796875,-52.734375,-58.10546875
-56.640625,-59.08203125,-57.6171875,-55.6640625
-61.03515625,-43.45703125,-52.24609375,-43.45703125
-47.36328125,-28.3203125,-42.96875,-37.109375
-32.2265625,-15.625,-37.59765625,-35.15625
-37.109375,-38.0859375,-39.0625,-35.64453125
-54.19921875,-86.9140625,-45.8984375,-41.9921875
-67.3828125,-90.33203125,-42.96875,-36.62109375
-59.08203125,-36.1328125,-45.41015625,-30.76171875
-39.55078125,-17.578125,-47.36328125,-34.66796875
-41.015625,-47.8515625,-43.9453125,-42.96875
-55.17578125,-68.84765625,-48.828125,-49.31640625
-62.98828125,-62.98828125,-53.22265625,-43.9453125
-53.7109375,-31.73828125,-48.828125,-38.0859375
-30.2734375,-11.71875,-43.9453125,-32.71484375
-27.34375,-36.1328125,-39.55078125,-33.203125
-40.0390625,-54.6875,-36.1328125,-37.109375
-53.7109375,-55.17578125,-41.50390625,-34.66796875
-53.22265625,-31.73828125,-46.875,-37.59765625
-36.1328125,-20.99609375,-47.8515625,-39.0625
-34.66796875,-42.48046875,-52.734375,-44.43359375
-49.8046875,-77.1484375,-54.19921875,-57.6171875
-66.89453125,-84.9609375,-45.8984375,-60.05859375
-62.5,-38.0859375,-43.45703125,-50.78125
-41.9921875,-11.71875,-39.55078125,-44.921875
-41.9921875,-26.85546875,-35.15625,-53.22265625
-51.26953125,-62.01171875,-41.015625,-57.6171875
-57.6171875,-81.54296875,-43.9453125,-46.875
-54.6875,-43.45703125,-39.55078125,-40.52734375
-35.64453125,4.39453125,-34.66796875,-34.66796875
-26.85546875,-32.71484375,-36.62109375,-30.76171875
-39.55078125,-75.68359375,-35.64453125,-42.48046875
-51.26953125,-83.984375,-35.64453125,-44.43359375
-52.734375,-55.17578125,-35.64453125,-38.0859375
-40.0390625,-5.859375,-32.71484375,-38.57421875
-31.73828125,-19.04296875,-38.57421875,-48.828125
-38.57421875,-60.05859375,-46.38671875,-62.98828125
-51.26953125,-72.265625,-45.8984375,-61.5234375
-60.05859375,-55.6640625,-42.48046875,-51.7578125
-47.8515625,-16.11328125,-44.43359375,-54.19921875
-38.57421875,-6.8359375,-43.45703125,-56.15234375
-49.8046875,-39.0625,-41.015625,-52.24609375
-62.98828125,-83.49609375,-44.43359375,-57.12890625
-69.3359375,-78.61328125,-45.8984375,-60.546875
-58.59375,-26.85546875,-45.41015625,-55.17578125
-43.9453125,-24.4140625,-45.8984375,-54.6875
-42.48046875,-42.96875,-44.921875,-55.17578125
-52.734375,-67.3828125,-54.6875,-59.5703125
-56.15234375,-73.73046875,-62.98828125,-46.38671875
-40.0390625,-21.484375,-59.5703125,-34.1796875
-35.15625,-14.6484375,-47.8515625,-50.78125
-45.8984375,-45.8984375,-43.45703125,-64.94140625
-53.7109375,-63.96484375,-47.8515625,-62.5
-59.08203125,-50.78125,-46.38671875,-59.5703125
-50.29296875,-25.87890625,-47.36328125,-56.640625
-38.0859375,-24.4140625,-50.29296875,-56.640625
-49.8046875,-42.48046875,-51.7578125,-66.89453125
-64.453125,-70.3125,-51.7578125,-75.68359375
-68.359375,-77.63671875,-52.734375,-68.359375
-59.5703125,-17.578125,-55.17578125,-54.6875
-44.43359375,0.0,-50.78125,-48.828125
-45.8984375,-36.1328125,-49.31640625,-49.8046875
-57.6171875,-73.2421875,-48.828125,-50.78125
-69.82421875,-96.6796875,-37.59765625,-45.41015625
-67.3828125,-46.38671875,-35.64453125,-42.96875
-47.8515625,-9.765625,-45.41015625,-41.50390625
-42.48046875,-41.50390625,-50.78125,-46.38671875
-59.08203125,-93.75,-47.8515625,-54.19921875
-68.84765625,-80.078125,-48.33984375,-56.15234375
-56.640625,-31.25,-46.875,-47.36328125
-37.109375,-3.41796875,-44.43359375,-41.015625
-33.203125,-28.3203125,-42.48046875,-47.36328125
-42.96875,-66.89453125,-45.41015625,-53.7109375
-59.5703125,-81.0546875,-48.33984375,-52.734375
-64.453125,-50.29296875,-41.9921875,-47.36328125
-46.875,-14.6484375,-45.41015625,-44.43359375
-39.0625,-13.18359375,-49.31640625,-41.50390625
-44.921875,-37.109375,-47.36328125,-48.33984375
-57.12890625,-80.078125,-42.96875,-55.17578125
-60.05859375,-75.1953125,-34.1796875,-44.921875
-42.48046875,-28.3203125,-37.109375,-37.109375
-31.73828125,-14.16015625,-45.41015625,-43.9453125
-40.52734375,-46.38671875,-51.7578125,-53.22265625
-52.24609375,-69.3359375,-48.33984375,-50.29296875
-59.5703125,-50.29296875,-40.0390625,-44.43359375
-49.8046875,-17.578125,-40.52734375,-40.52734375
-36.62109375,-18.06640625,-42.96875,-39.55078125
-46.38671875,-53.7109375,-39.55078125,-43.9453125
-63.4765625,-77.63671875,-40.0390625,-51.26953125
-66.40625,-46.875,-46.38671875,-46.38671875
-57.6171875,-26.85546875,-51.26953125,-43.45703125
-41.50390625,-27.34375,-47.36328125,-43.45703125
-37.109375,-46.38671875,-39.55078125,-42.48046875
-52.734375,-91.796875,-42.96875,-44.43359375
-67.87109375,-79.1015625,-48.33984375,-43.45703125
-56.15234375,-32.71484375,-51.7578125,-39.0625
-31.25,-11.23046875,-50.29296875,-38.57421875
-31.73828125,-40.0390625,-49.31640625,-42.96875
-49.31640625,-81.54296875,-48.33984375,-42.96875
-59.5703125,-71.77734375,-40.52734375,-44.43359375
-50.78125,-12.20703125,-36.62109375,-36.62109375
-29.78515625,12.6953125,-42.96875,-31.25
-27.34375,-46.875,-49.8046875,-41.50390625
-40.0390625,-86.9140625,-47.8515625,-45.41015625
-50.78125,-72.265625,-46.875,-42.96875
-51.7578125,-36.62109375,-49.8046875,-41.9921875
-32.71484375,-4.8828125,-52.734375,-37.109375
-21.484375,-24.90234375,-45.8984375,-34.66796875
-38.57421875,-70.80078125,-45.41015625,-44.921875
-58.59375,-76.66015625,-47.36328125,-51.26953125
-57.12890625,-42.96875,-47.36328125,-50.78125
-41.015625,-15.13671875,-49.31640625,-51.26953125
-38.0859375,-20.5078125,-50.29296875,-49.31640625
-49.31640625,-38.57421875,-54.19921875,-51.26953125
-59.08203125,-82.03125,-60.05859375,-48.828125
-61.03515625,-66.40625,-63.4765625,-39.55078125
-41.50390625,-9.765625,-57.6171875,-37.109375
-35.15625,-20.5078125,-50.29296875,-46.38671875
-51.26953125,-60.546875,-44.43359375,-55.6640625
-67.87109375,-75.1953125,-44.921875,-50.78125
-67.3828125,-57.12890625,-49.8046875,-44.43359375
-42.96875,-5.37109375,-45.41015625,-49.31640625
-32.2265625,1.953125,-41.015625,-54.19921875
-42.96875,-69.82421875,-51.26953125,-60.546875
-60.05859375,-80.078125,-58.59375,-62.5
-63.4765625,-38.0859375,-54.19921875,-53.22265625
-43.9453125,-24.90234375,-52.734375,-42.48046875
-30.76171875,-25.87890625,-48.33984375,-44.921875
-39.0625,-68.359375,-46.38671875,-47.36328125
-49.8046875,-78.61328125,-46.38671875,-44.43359375
-54.6875,-57.6171875,-45.8984375,-42.48046875
-46.38671875,-25.87890625,-45.8984375,-36.62109375
-33.203125,-15.625,-48.828125,-41.015625
-42.96875,-47.8515625,-54.19921875,-49.31640625
-65.4296875,-70.80078125,-48.33984375,-52.734375
-69.3359375,-68.359375,-43.9453125,-53.7109375
-56.640625,-22.94921875,-43.9453125,-47.36328125
-43.45703125,3.90625,-43.45703125,-50.29296875
-41.50390625,-38.0859375,-43.9453125,-56.15234375
-50.78125,-93.75,-47.8515625,-51.26953125
-60.546875,-92.7734375,-48.828125,-43.45703125
-52.734375,-37.59765625,-44.43359375,-41.9921875
-35.15625,-11.23046875,-41.015625,-40.0390625
-41.50390625,-42.96875,-42.96875,-42.48046875
-53.7109375,-73.73046875,-45.8984375,-49.31640625
-62.01171875,-67.87109375,-46.875,-49.8046875
-54.19921875,-31.25,-51.26953125,-44.921875
-30.2734375,-19.04296875,-52.734375,-41.9921875
-26.85546875,-29.78515625,-43.9453125,-36.62109375
-37.59765625,-48.33984375,-40.52734375,-33.203125
-52.24609375,-85.9375,-44.921875,-34.66796875
-51.26953125,-50.29296875,-44.921875,-31.25
-33.203125,-13.671875,-46.875,-28.80859375
-35.64453125,-39.55078125,-48.33984375,-40.0390625
-46.875,-69.3359375,-45.41015625,-48.33984375
-58.10546875,-81.54296875,-46.875,-49.8046875
-54.19921875,-44.43359375,-48.33984375,-41.015625
-31.73828125,-10.25390625,-46.875,-30.76171875
-28.80859375,-24.4140625,-44.43359375,-39.0625
-47.36328125,-61.5234375,-45.8984375,-54.19921875
-61.5234375,-75.1953125,-50.78125,-59.5703125
-60.05859375,-43.45703125,-48.828125,-54.19921875
-50.29296875,-24.90234375,-46.38671875,-51.26953125
-41.015625,-41.9921875,-43.9453125,-56.640625
-51.7578125,-69.82421875,-47.36328125,-63.96484375
-63.4765625,-88.37890625,-56.15234375,-64.453125
-68.84765625,-64.453125,-56.640625,-56.640625
-58.10546875,-21.484375,-56.640625,-48.33984375
-36.62109375,-25.390625,-50.78125,-43.45703125
-36.1328125,-69.3359375,-41.50390625,-47.8515625
-50.29296875,-80.078125,-45.8984375,-47.36328125
-61.03515625,-68.84765625,-48.828125,-44.921875
-51.26953125,-27.34375,-42.96875,-43.45703125
-36.62109375,2.44140625,-39.0625,-41.015625
-43.45703125,-57.6171875,-41.9921875,-48.828125
-53.22265625,-95.21484375,-35.64453125,-50.78125
-59.08203125,-64.453125,-42.48046875,-48.33984375
-50.29296875,-21.484375,-56.640625,-47.36328125
-36.62109375,-19.04296875,-47.36328125,-45.41015625
-41.50390625,-56.15234375,-39.0625,-51.26953125
-60.05859375,-80.078125,-45.41015625,-57.12890625
-70.80078125,-55.6640625,-45.8984375,-52.734375
-62.01171875,-21.97265625,-46.38671875,-51.7578125
-48.828125,-29.296875,-52.24609375,-52.24609375
-45.8984375,-39.55078125,-44.921875,-51.26953125
-53.7109375,-52.734375,-42.96875,-54.6875
-58.10546875,-81.54296875,-44.43359375,-48.828125
-52.734375,-55.17578125,-47.8515625,-42.96875
-37.59765625,-17.578125,-48.33984375,-44.921875
-30.2734375,-33.69140625,-41.50390625,-46.875
-47.8515625,-76.171875,-43.9453125,-58.10546875
-65.4296875,-82.51953125,-46.875,-64.94140625
-66.89453125,-36.1328125,-50.78125,-62.01171875
-56.640625,-21.97265625,-49.8046875,-55.6640625
-50.29296875,-41.9921875,-50.29296875,-56.15234375
-63.96484375,-73.2421875,-55.6640625,-69.3359375
-75.68359375,-69.82421875,-50.78125,-67.3828125
-71.77734375,-37.109375,-51.7578125,-55.17578125
-56.15234375,-37.59765625,-54.19921875,-52.24609375
-45.41015625,-51.26953125,-51.26953125,-53.7109375
-56.640625,-72.75390625,-51.7578125,-60.05859375
-67.3828125,-88.8671875,-49.8046875,-57.12890625
-66.89453125,-59.08203125,-43.45703125,-53.7109375
-58.10546875,-20.5078125,-42.96875,-56.15234375
-49.31640625,-29.296875,-43.45703125,-57.12890625
-49.31640625,-65.4296875,-40.0390625,-59.08203125
-61.5234375,-85.44921875,-37.109375,-62.98828125
-70.80078125,-60.05859375,-41.50390625,-66.89453125
-53.7109375,-5.859375,-34.66796875,-58.59375
-41.9921875,-1.953125,-28.80859375,-54.6875
-50.29296875,-66.40625,-38.0859375,-62.01171875
-62.98828125,-83.984375,-42.48046875,-64.94140625
-82.51953125,-61.5234375,-39.55078125,-74.21875
-79.58984375,-31.73828125,-38.0859375,-82.03125
-61.5234375,-15.625,-41.015625,-82.51953125
-71.2890625,-53.7109375,-40.0390625,-96.19140625
-103.02734375,-76.66015625,-36.1328125,-111.328125
-111.81640625,-61.03515625,-34.1796875,-105.46875
-90.33203125,-9.765625,-34.66796875,-90.8203125
-76.171875,0.9765625,-35.15625,-93.75
-81.54296875,-33.69140625,-32.71484375,-98.14453125
-90.8203125,-47.8515625,-27.83203125,-95.21484375
-102.5390625,-57.12890625,-28.3203125,-92.7734375
-99.12109375,-39.0625,-27.83203125,-79.58984375
-79.58984375,-16.11328125,-27.34375,-75.1953125
-75.68359375,-33.203125,-32.71484375,-83.49609375
-87.40234375,-47.8515625,-27.83203125,-85.44921875
-90.8203125,-57.6171875,-33.203125,-79.1015625
-68.84765625,-24.90234375,-42.48046875,-62.01171875
-41.9921875,5.859375,-38.57421875,-48.33984375
-34.1796875,-22.94921875,-38.57421875,-48.33984375
-37.109375,-55.17578125,-44.921875,-49.8046875
-47.36328125,-56.15234375,-44.43359375,-39.55078125
-36.62109375,-11.23046875,-41.9921875,-26.3671875
-7.8125,-8.7890625,-44.43359375,-21.484375
0.48828125,-39.0625,-47.36328125,-18.5546875
-3.41796875,-64.94140625,-46.875,-12.20703125
-6.34765625,-70.80078125,-50.29296875,-1.953125
6.34765625,-30.2734375,-51.7578125,13.18359375
25.390625,-1.953125,-42.48046875,18.06640625
28.80859375,-28.80859375,-41.9921875,15.13671875
21.97265625,-66.40625,-50.29296875,14.6484375
12.20703125,-69.82421875,-51.26953125,20.01953125
12.6953125,-50.29296875,-46.38671875,26.3671875
28.3203125,-17.08984375,-44.921875,25.390625
40.0390625,2.44140625,-45.41015625,25.390625
39.55078125,-54.19921875,-51.26953125,26.3671875
26.3671875,-92.7734375,-56.15234375,28.80859375
16.11328125,-53.22265625,-56.15234375,31.25
32.2265625,-12.20703125,-52.734375,27.34375
47.36328125,-19.53125,-57.12890625,24.4140625
40.0390625,-45.8984375,-62.98828125,17.578125
22.4609375,-61.5234375,-55.17578125,10.25390625
12.20703125,-55.6640625,-52.24609375,18.06640625
28.3203125,-12.6953125,-55.17578125,24.90234375
36.62109375,-18.5546875,-53.22265625,17.578125
22.4609375,-53.22265625,-54.19921875,9.27734375
9.27734375,-52.734375,-49.8046875,11.23046875
-1.953125,-60.546875,-48.33984375,14.16015625
2.9296875,-40.52734375,-52.24609375,15.13671875
18.06640625,-12.20703125,-48.33984375,14.16015625
15.625,-44.43359375,-45.8984375,5.37109375
-6.8359375,-80.56640625,-48.33984375,-0.9765625
-21.484375,-69.3359375,-52.24609375,-0.9765625
-12.20703125,-18.5546875,-58.59375,-6.34765625
-2.44140625,-2.9296875,-56.640625,-12.6953125
-7.8125,-32.2265625,-48.828125,-14.6484375
-22.4609375,-75.68359375,-48.828125,-25.390625
-31.25,-68.84765625,-49.8046875,-33.69140625
-24.90234375,-8.7890625,-50.78125,-27.83203125
-10.7421875,-15.625,-53.22265625,-27.34375
-9.765625,-32.71484375,-52.734375,-26.85546875
-23.4375,-53.22265625,-55.6640625,-21.484375
-35.64453125,-77.1484375,-55.17578125,-19.53125
-30.2734375,-35.64453125,-49.8046875,-11.71875
-13.671875,-8.7890625,-44.921875,-7.32421875
-13.18359375,-33.203125,-45.8984375,-20.5078125
-27.34375,-70.3125,-46.875,-32.2265625
-37.109375,-67.3828125,-45.8984375,-27.34375
-35.15625,-39.0625,-47.8515625,-21.484375
-17.578125,-9.27734375,-44.921875,-20.99609375
-10.7421875,-4.8828125,-44.43359375,-24.90234375
-25.87890625,-64.453125,-49.8046875,-35.15625
-42.48046875,-87.890625,-50.78125,-36.62109375
-44.43359375,-48.828125,-49.31640625,-31.25
-29.296875,-23.92578125,-50.29296875,-27.34375
-19.53125,-7.32421875,-51.26953125,-30.76171875
-31.73828125,-40.0390625,-50.78125,-46.875
-44.921875,-77.1484375,-55.17578125,-57.6171875
-37.109375,-46.38671875,-60.546875,-47.8515625
-15.13671875,-12.6953125,-59.08203125,-41.015625
-3.41796875,-24.4140625,-46.875,-41.50390625
-14.6484375,-51.26953125,-38.57421875,-45.41015625
-35.15625,-51.7578125,-43.45703125,-46.38671875
-41.50390625,-54.19921875,-50.29296875,-38.0859375
-29.78515625,-26.3671875,-57.6171875,-31.25
-25.390625,-13.18359375,-58.59375,-41.015625
-35.15625,-50.78125,-46.38671875,-48.828125
-46.38671875,-73.73046875,-36.62109375,-49.31640625
-51.26953125,-62.5,-45.8984375,-44.43359375
-34.66796875,-17.578125,-50.78125,-34.1796875
-16.6015625,6.8359375,-43.9453125,-35.64453125
-26.3671875,-38.0859375,-45.8984375,-46.38671875
-40.52734375,-81.54296875,-55.17578125,-48.828125
-46.875,-61.5234375,-48.828125,-41.9921875
-37.59765625,-14.6484375,-38.0859375,-33.69140625
-23.4375,-16.11328125,-40.52734375,-29.296875
-25.390625,-56.640625,-40.0390625,-41.9921875
-41.50390625,-78.61328125,-38.0859375,-51.26953125
-57.6171875,-75.68359375,-45.8984375,-41.015625
-52.24609375,-35.15625,-47.8515625,-31.73828125
-33.69140625,-11.23046875,-47.8515625,-29.78515625
-32.2265625,-34.66796875,-46.875,-37.59765625
-49.31640625,-79.1015625,-48.828125,-46.875
-55.6640625,-72.265625,-52.734375,-42.96875
-44.43359375,-27.83203125,-52.24609375,-32.2265625
-30.2734375,-5.859375,-47.8515625,-35.64453125
-26.85546875,-15.13671875,-36.1328125,-41.50390625
-43.9453125,-78.61328125,-41.015625,-47.8515625
-67.87109375,-103.02734375,-57.12890625,-56.640625
-62.5,-48.828125,-62.01171875,-49.31640625
-31.73828125,-6.34765625,-52.734375,-35.64453125
-23.4375,-21.97265625,-42.96875,-39.0625
-37.109375,-60.546875,-39.0625,-43.9453125
-51.26953125,-68.84765625,-39.55078125,-47.36328125
-52.734375,-34.66796875,-41.9921875,-43.9453125
-39.0625,-0.9765625,-50.29296875,-39.55078125
-37.59765625,-16.6015625,-56.640625,-46.875
-48.828125,-54.19921875,-53.7109375,-55.6640625
-63.4765625,-66.89453125,-51.7578125,-61.5234375
-63.4765625,-54.19921875,-49.31640625,-57.12890625
-43.9453125,-15.625,-50.78125,-51.26953125
-32.2265625,-14.6484375,-52.734375,-49.31640625
-41.50390625,-70.80078125,-54.19921875,-54.19921875
-52.24609375,-69.82421875,-49.31640625,-52.734375
-54.19921875,-39.0625,-44.921875,-40.52734375
-38.0859375,-11.71875,-47.8515625,-33.203125
-23.92578125,-19.53125,-46.875,-41.015625
-34.66796875,-51.7578125,-43.45703125,-45.41015625
-48.828125,-74.21875,-38.0859375,-44.43359375
-56.15234375,-57.6171875,-39.0625,-41.9921875
-43.9453125,0.48828125,-41.015625,-35.64453125
-25.87890625,-15.13671875,-40.52734375,-40.0390625
-31.25,-74.70703125,-43.45703125,-48.828125
-47.8515625,-85.44921875,-47.36328125,-53.22265625
-58.10546875,-65.91796875,-53.22265625,-48.33984375
-43.9453125,-4.39453125,-55.17578125,-38.57421875
-26.85546875,1.46484375,-47.36328125,-42.96875
-31.25,-61.03515625,-39.55078125,-53.22265625
-42.48046875,-80.078125,-43.45703125,-51.7578125
-59.08203125,-71.2890625,-53.7109375,-48.828125
-55.17578125,-33.203125,-52.734375,-47.36328125
-33.203125,-12.6953125,-46.875,-49.31640625
-34.1796875,-22.4609375,-45.41015625,-55.6640625
-51.7578125,-85.44921875,-49.31640625,-55.6640625
-59.5703125,-89.84375,-51.7578125,-47.8515625
-51.7578125,-23.4375,-50.78125,-40.52734375
-32.71484375,-4.39453125,-48.33984375,-37.109375
-28.80859375,-28.3203125,-41.50390625,-41.50390625
-46.875,-67.3828125,-47.36328125,-50.29296875
-60.05859375,-74.70703125,-48.828125,-48.33984375
-54.19921875,-17.578125,-40.52734375,-41.9921875
-37.59765625,7.32421875,-37.59765625,-41.015625
-32.2265625,-38.0859375,-38.57421875,-42.48046875
-44.43359375,-67.3828125,-39.55078125,-47.36328125
-51.26953125,-53.22265625,-41.015625,-45.8984375
-47.8515625,-33.69140625,-45.41015625,-40.52734375
-33.69140625,-20.99609375,-49.8046875,-34.66796875
-23.92578125,-20.01953125,-46.38671875,-40.0390625
-33.69140625,-54.19921875,-42.48046875,-49.8046875
-49.31640625,-71.2890625,-43.9453125,-49.31640625
-54.6875,-37.109375,-51.7578125,-45.8984375
-37.59765625,-0.9765625,-53.7109375,-40.52734375
-29.78515625,-16.6015625,-52.24609375,-43.45703125
-36.62109375,-62.98828125,-50.29296875,-51.7578125
-48.33984375,-75.68359375,-48.33984375,-47.36328125
-55.6640625,-47.36328125,-49.8046875,-38.0859375
-37.109375,2.44140625,-44.921875,-30.76171875
-28.80859375,-26.85546875,-47.36328125,-34.66796875
-44.921875,-96.19140625,-51.26953125,-42.48046875
-51.7578125,-91.30859375,-49.8046875,-41.9921875
-53.22265625,-64.453125,-47.8515625,-32.2265625
-46.875,-28.3203125,-43.45703125,-31.73828125
-32.71484375,-19.04296875,-40.0390625,-35.64453125
-30.2734375,-55.17578125,-40.0390625,-32.71484375
-45.41015625,-85.9375,-41.9921875,-37.109375
-56.15234375,-68.84765625,-45.41015625,-38.0859375
-45.41015625,-23.92578125,-50.29296875,-35.64453125
-35.15625,-20.5078125,-47.8515625,-41.50390625
-44.43359375,-39.0625,-42.48046875,-52.734375
-60.546875,-83.0078125,-48.33984375,-61.03515625
-70.80078125,-82.03125,-49.8046875,-57.6171875
-61.5234375,-30.2734375,-53.7109375,-53.7109375
-42.96875,-32.71484375,-54.19921875,-58.10546875
-38.57421875,-54.19921875,-48.828125,-61.03515625
-52.24609375,-71.77734375,-46.38671875,-59.08203125
-66.89453125,-68.84765625,-47.8515625,-53.7109375
-60.05859375,-32.2265625,-53.22265625,-49.8046875
-46.38671875,-16.6015625,-55.6640625,-51.26953125
-46.875,-42.96875,-49.31640625,-55.6640625
-56.640625,-71.2890625,-44.921875,-57.6171875
-63.96484375,-67.3828125,-49.8046875,-50.29296875
-50.29296875,-43.45703125,-47.8515625,-36.62109375
-26.85546875,-23.4375,-40.52734375,-30.76171875
-20.01953125,-33.203125,-30.76171875,-28.3203125
-30.76171875,-65.91796875,-29.78515625,-30.76171875
-45.41015625,-71.77734375,-43.45703125,-36.1328125
-45.8984375,-34.1796875,-48.33984375,-33.203125
-24.4140625,-2.44140625,-41.015625,-33.69140625
-18.06640625,-22.4609375,-42.96875,-38.0859375
-32.71484375,-59.08203125,-43.9453125,-42.96875
-45.41015625,-73.2421875,-41.50390625,-48.33984375
-52.734375,-43.45703125,-50.78125,-47.8515625
-43.45703125,7.8125,-52.734375,-44.43359375
-39.0625,-27.83203125,-50.78125,-53.22265625
-59.5703125,-82.03125,-49.8046875,-64.453125
-74.21875,-67.87109375,-45.41015625,-62.01171875
-72.265625,-50.78125,-40.0390625,-59.5703125
-57.12890625,-22.4609375,-39.55078125,-54.6875
-45.41015625,-24.4140625,-44.921875,-51.26953125
-52.24609375,-69.3359375,-47.8515625,-52.734375
-63.4765625,-66.40625,-53.22265625,-52.24609375
-68.84765625,-58.10546875,-59.08203125,-42.48046875
-55.6640625,-38.0859375,-54.19921875,-40.52734375
-41.015625,-19.04296875,-49.31640625,-48.828125
-50.29296875,-39.0625,-53.7109375,-51.26953125
-63.96484375,-75.68359375,-57.12890625,-52.24609375
-66.40625,-72.265625,-51.26953125,-41.9921875
-52.24609375,-24.4140625,-47.8515625,-35.15625
-36.62109375,-14.6484375,-42.48046875,-39.55078125
-41.9921875,-44.921875,-33.69140625,-41.015625
-54.6875,-69.82421875,-37.59765625,-45.41015625
-60.546875,-63.4765625,-41.50390625,-43.45703125
-53.7109375,-19.53125,-48.33984375,-40.0390625
-36.1328125,-12.20703125,-54.19921875,-46.875
-32.71484375,-49.8046875,-57.12890625,-51.7578125
-43.45703125,-63.4765625,-54.19921875,-50.78125
-52.734375,-47.36328125,-46.875,-48.828125
-51.26953125,-20.01953125,-48.33984375,-51.26953125
-37.109375,-18.5546875,-48.33984375,-46.875
-37.109375,-48.33984375,-50.78125,-48.828125
-48.33984375,-74.70703125,-48.828125,-53.7109375
-55.17578125,-75.68359375,-43.45703125,-48.33984375
-55.17578125,-37.59765625,-45.41015625,-42.96875
-40.0390625,-9.27734375,-47.36328125,-41.015625
-36.62109375,-27.83203125,-48.828125,-41.9921875
-49.8046875,-72.75390625,-44.43359375,-44.921875
-62.98828125,-73.2421875,-40.0390625,-43.45703125
-62.01171875,-37.109375,-42.96875,-35.15625
-46.38671875,-2.44140625,-46.38671875,-35.64453125
-36.1328125,-34.1796875,-50.78125,-41.015625
-43.9453125,-74.70703125,-56.15234375,-41.50390625
-57.6171875,-85.44921875,-48.33984375,-41.015625
-62.5,-56.640625,-44.43359375,-34.66796875
-43.45703125,-13.18359375,-47.8515625,-31.25
-38.57421875,-40.52734375,-46.38671875,-38.57421875
-46.875,-62.5,-47.36328125,-44.43359375
-58.59375,-66.89453125,-51.26953125,-52.734375
-63.4765625,-51.26953125,-48.33984375,-55.6640625
-42.48046875,-7.8125,-44.921875,-46.875
-33.69140625,-8.30078125,-45.8984375,-48.828125
-51.7578125,-53.22265625,-55.17578125,-55.17578125
-66.40625,-82.51953125,-59.08203125,-59.08203125
-67.3828125,-71.77734375,-56.640625,-58.59375
-55.6640625,-18.5546875,-56.640625,-49.8046875
-41.50390625,-14.16015625,-45.8984375,-45.8984375
-41.50390625,-42.48046875,-43.9453125,-52.734375
-48.828125,-60.546875,-46.38671875,-53.22265625
-55.6640625,-68.84765625,-47.36328125,-47.36328125
-47.8515625,-25.390625,-50.29296875,-44.921875
-33.69140625,-12.20703125,-43.45703125,-41.9921875
-33.69140625,-53.22265625,-41.9921875,-43.9453125
-45.41015625,-78.125,-43.9453125,-50.29296875
-54.6875,-51.26953125,-50.29296875,-51.26953125
-49.31640625,-29.296875,-59.5703125,-50.29296875
-40.52734375,-43.45703125,-57.12890625,-49.8046875
-40.52734375,-60.05859375,-48.33984375,-47.8515625
-54.19921875,-72.265625,-50.78125,-53.22265625
-60.546875,-67.3828125,-50.29296875,-43.45703125
-47.8515625,-28.3203125,-43.45703125,-28.80859375
-31.25,-8.30078125,-41.015625,-33.203125
-29.296875,-21.484375,-32.2265625,-41.015625
-47.8515625,-67.87109375,-36.1328125,-43.9453125
-64.453125,-86.42578125,-49.31640625,-41.9921875
-57.6171875,-31.25,-43.9453125,-45.41015625
-43.9453125,4.8828125,-34.1796875,-47.36328125
-39.55078125,-20.01953125,-36.62109375,-49.8046875
-51.26953125,-71.77734375,-47.8515625,-48.828125
-63.4765625,-72.265625,-59.5703125,-47.8515625
-55.6640625,-28.3203125,-59.08203125,-54.6875
-37.109375,-5.37109375,-47.8515625,-55.6640625
-38.57421875,-20.01953125,-42.96875,-55.17578125
-51.26953125,-52.734375,-44.43359375,-58.10546875
-64.453125,-75.1953125,-48.33984375,-60.05859375
-62.01171875,-41.50390625,-57.12890625,-53.7109375
-36.62109375,-11.71875,-57.12890625,-44.43359375
-28.3203125,-15.13671875,-52.24609375,-51.26953125
-36.1328125,-40.0390625,-47.36328125,-52.734375
-58.10546875,-87.890625,-51.26953125,-45.41015625
-67.87109375,-74.21875,-51.26953125,-42.96875
-46.38671875,-15.625,-47.8515625,-34.1796875
-40.52734375,-23.92578125,-44.43359375,-32.71484375
-56.640625,-69.3359375,-39.0625,-47.36328125
-70.3125,-83.0078125,-39.55078125,-52.24609375
-69.3359375,-62.98828125,-42.96875,-41.50390625
-52.734375,-25.87890625,-42.96875,-39.55078125
-43.9453125,-26.85546875,-40.52734375,-49.8046875
-46.875,-66.89453125,-40.0390625,-57.12890625
-52.734375,-73.2421875,-40.52734375,-53.7109375
-55.6640625,-48.828125,-41.50390625,-40.0390625
-38.0859375,-36.62109375,-43.45703125,-33.69140625
-26.85546875,-26.3671875,-42.96875,-43.9453125
-38.57421875,-44.43359375,-41.9921875,-52.24609375
-55.17578125,-86.42578125,-42.48046875,-57.6171875
-65.4296875,-74.70703125,-48.33984375,-57.12890625
-57.12890625,-21.484375,-52.734375,-48.33984375
-45.41015625,-22.4609375,-57.6171875,-50.78125
-49.8046875,-60.05859375,-54.6875,-59.08203125
-57.6171875,-79.58984375,-45.8984375,-56.15234375
-57.6171875,-74.21875,-47.8515625,-44.921875
-46.875,-24.90234375,-51.26953125,-38.57421875
-36.1328125,2.44140625,-50.29296875,-40.52734375
-36.62109375,-51.26953125,-44.921875,-40.52734375
-50.78125,-86.9140625,-46.38671875,-46.875
-64.453125,-76.171875,-47.36328125,-52.734375
-55.17578125,-40.52734375,-48.828125,-45.8984375
-37.59765625,-3.41796875,-53.22265625,-41.50390625
-39.55078125,-38.57421875,-55.6640625,-46.38671875
-54.19921875,-89.84375,-57.6171875,-52.24609375
-66.40625,-78.61328125,-57.12890625,-48.33984375
-57.12890625,-35.15625,-48.828125,-35.64453125
-38.57421875,-16.11328125,-39.55078125,-35.15625
-36.62109375,-22.94921875,-44.43359375,-37.109375
-39.55078125,-53.22265625,-46.38671875,-32.71484375
-50.29296875,-92.28515625,-46.38671875,-39.0625
-49.31640625,-56.15234375,-42.48046875,-38.57421875
-30.2734375,-23.4375,-40.0390625,-33.69140625
-27.83203125,-38.0859375,-44.921875,-41.50390625
-38.0859375,-53.7109375,-42.48046875,-46.875
-53.22265625,-70.3125,-44.921875,-49.31640625
-55.6640625,-48.33984375,-45.8984375,-47.36328125
-40.52734375,0.0,-39.0625,-45.8984375
-33.203125,-18.06640625,-39.0625,-49.31640625
-40.52734375,-73.73046875,-45.8984375,-53.7109375
-51.26953125,-72.265625,-52.24609375,-55.17578125
-50.29296875,-27.83203125,-50.29296875,-50.78125
-36.1328125,-15.625,-50.78125,-41.9921875
-26.85546875,-43.9453125,-54.6875,-40.0390625
-33.203125,-55.17578125,-52.734375,-46.38671875
-45.41015625,-62.5,-51.26953125,-49.31640625
-51.7578125,-56.640625,-46.875,-40.0390625
-40.0390625,-14.6484375,-42.48046875,-37.59765625
-27.34375,-4.8828125,-45.41015625,-43.45703125
-34.66796875,-45.8984375,-52.734375,-49.8046875
-48.828125,-72.75390625,-56.640625,-50.78125
-59.5703125,-58.10546875,-53.7109375,-46.38671875
-53.22265625,-20.5078125,-51.26953125,-43.9453125
-35.64453125,2.9296875,-44.921875,-44.921875
-39.55078125,-59.08203125,-44.921875,-42.48046875
-60.05859375,-111.81640625,-53.7109375,-51.26953125
-69.82421875,-83.49609375,-46.38671875,-59.5703125
-58.10546875,-26.3671875,-38.57421875,-54.19921875
-39.55078125,-12.6953125,-41.015625,-52.734375
-35.15625,-43.9453125,-42.48046875,-52.734375
-46.875,-72.75390625,-49.8046875,-57.12890625
-61.5234375,-70.80078125,-61.5234375,-53.22265625
-61.03515625,-29.296875,-61.5234375,-46.875
-47.36328125,-27.83203125,-53.7109375,-47.8515625
-42.48046875,-41.9921875,-48.33984375,-53.22265625
-50.29296875,-49.31640625,-48.33984375,-52.24609375
-55.17578125,-85.9375,-54.19921875,-47.8515625
-45.41015625,-42.48046875,-52.734375,-51.26953125
-25.390625,0.48828125,-45.8984375,-46.875
-22.94921875,-39.0625,-43.45703125,-45.41015625
-41.015625,-67.87109375,-43.45703125,-49.31640625
-56.15234375,-71.2890625,-50.29296875,-49.8046875
-57.12890625,-38.57421875,-55.6640625,-47.8515625
-39.55078125,-13.671875,-47.36328125,-46.38671875
-31.25,-27.83203125,-41.50390625,-52.24609375
-45.8984375,-61.03515625,-43.45703125,-55.17578125
-56.15234375,-61.5234375,-44.43359375,-48.33984375
-54.6875,-26.3671875,-46.875,-39.0625
-45.8984375,-20.01953125,-46.38671875,-41.015625
-36.62109375,-35.15625,-40.0390625,-46.38671875
-44.43359375,-62.01171875,-44.43359375,-47.8515625
-57.12890625,-79.58984375,-51.26953125,-47.36328125
-61.03515625,-44.921875,-53.22265625,-44.43359375
-47.36328125,-20.01953125,-51.7578125,-44.43359375
-33.203125,-39.0625,-47.36328125,-51.7578125
-39.55078125,-65.91796875,-41.015625,-56.15234375
-61.5234375,-77.1484375,-43.45703125,-54.19921875
-65.91796875,-57.12890625,-47.36328125,-50.78125
-41.9921875,-15.13671875,-44.43359375,-45.8984375
-28.3203125,-2.44140625,-48.828125,-48.828125
-32.71484375,-56.15234375,-52.734375,-53.7109375
-47.36328125,-85.44921875,-56.640625,-51.7578125
-54.6875,-62.01171875,-57.6171875,-45.41015625
-38.57421875,-24.90234375,-56.640625,-43.45703125
-27.34375,-22.94921875,-52.734375,-41.50390625
-39.55078125,-49.8046875,-52.734375,-47.8515625
-56.640625,-76.66015625,-52.734375,-58.10546875
-62.01171875,-58.10546875,-47.8515625,-50.78125
-52.24609375,-14.6484375,-51.26953125,-42.48046875
-41.015625,-27.83203125,-60.546875,-55.6640625
-42.48046875,-39.55078125,-55.17578125,-61.5234375
-54.19921875,-42.48046875,-44.921875,-56.15234375
-67.87109375,-79.1015625,-44.43359375,-56.15234375
-69.82421875,-57.12890625,-50.29296875,-53.7109375
-49.31640625,-15.13671875,-49.31640625,-43.9453125
-41.50390625,-52.24609375,-47.8515625,-38.57421875
-55.17578125,-88.8671875,-47.36328125,-44.43359375
-55.17578125,-66.89453125,-37.59765625,-44.43359375
-45.41015625,-26.85546875,-45.8984375,-38.57421875
-33.203125,-18.5546875,-55.6640625,-41.50390625
-31.25,-45.41015625,-55.6640625,-49.31640625
-43.45703125,-73.73046875,-52.734375,-53.22265625
-54.6875,-65.91796875,-48.828125,-48.33984375
-55.6640625,-36.1328125,-46.875,-41.9921875
-41.015625,-32.71484375,-49.8046875,-40.52734375
-42.48046875,-57.6171875,-52.24609375,-47.36328125
-56.640625,-76.171875,-52.24609375,-58.10546875
-63.96484375,-78.125,-52.24609375,-59.08203125
-62.98828125,-46.875,-55.17578125,-54.19921875
-45.41015625,-14.16015625,-51.7578125,-45.41015625
-40.52734375,-13.671875,-50.29296875,-44.43359375
-45.8984375,-46.38671875,-46.875,-51.26953125
-51.26953125,-65.4296875,-48.33984375,-46.38671875
-56.15234375,-42.48046875,-50.78125,-39.55078125
-45.8984375,-18.06640625,-43.45703125,-43.45703125
-35.15625,-5.859375,-40.52734375,-44.921875
-39.55078125,-59.5703125,-44.43359375,-47.36328125
-48.828125,-79.58984375,-45.41015625,-44.921875
-49.8046875,-49.8046875,-41.9921875,-37.59765625
-27.83203125,-25.390625,-38.57421875,-32.71484375
-15.13671875,-13.18359375,-40.0390625,-33.69140625
-23.4375,-53.22265625,-40.52734375,-38.0859375
-41.9921875,-67.3828125,-38.57421875,-44.43359375
-52.734375,-52.734375,-48.33984375,-41.015625
-39.55078125,-18.06640625,-54.6875,-35.64453125
-26.3671875,-19.04296875,-49.31640625,-38.57421875
-38.0859375,-54.6875,-43.9453125,-45.41015625
-62.5,-65.4296875,-47.8515625,-51.7578125
-72.265625,-49.31640625,-50.78125,-45.8984375
-64.453125,-29.296875,-44.43359375,-38.57421875
-50.78125,-32.2265625,-44.921875,-41.50390625
-45.41015625,-55.6640625,-51.26953125,-49.8046875
-58.59375,-68.359375,-55.17578125,-55.6640625
-70.80078125,-67.3828125,-53.7109375,-51.26953125
-62.98828125,-34.1796875,-46.875,-41.015625
-44.921875,-16.6015625,-44.43359375,-49.31640625
-41.9921875,-44.43359375,-48.33984375,-60.546875
-58.59375,-74.21875,-52.734375,-61.5234375
-69.82421875,-70.3125,-52.734375,-59.08203125
-57.6171875,-19.04296875,-46.875,-52.24609375
-34.66796875,-17.578125,-47.8515625,-49.8046875
-27.83203125,-47.8515625,-47.8515625,-52.734375
-43.45703125,-70.80078125,-47.36328125,-56.15234375
-57.6171875,-81.0546875,-52.734375,-58.59375
-57.12890625,-36.62109375,-58.59375,-57.12890625
-42.96875,-10.7421875,-56.640625,-46.875
-35.15625,-21.484375,-51.26953125,-43.9453125
-47.8515625,-44.43359375,-46.38671875,-54.19921875
-73.2421875,-65.4296875,-48.828125,-55.17578125
-71.77734375,-52.734375,-51.26953125,-46.875
-46.38671875,-9.27734375,-51.7578125,-45.8984375
-43.45703125,-9.765625,-56.640625,-54.19921875
-59.08203125,-82.03125,-51.26953125,-60.546875
-70.80078125,-106.4453125,-49.8046875,-58.10546875
-65.91796875,-40.52734375,-49.31640625,-47.36328125
-48.828125,-10.25390625,-45.41015625,-43.45703125
-36.1328125,-27.34375,-47.8515625,-49.31640625
-41.9921875,-54.19921875,-49.8046875,-50.78125
-56.640625,-71.2890625,-46.875,-46.38671875
-57.12890625,-40.52734375,-44.921875,-42.48046875
-38.0859375,-2.44140625,-43.9453125,-35.64453125
-27.83203125,-18.5546875,-45.41015625,-33.69140625
-34.1796875,-39.55078125,-44.921875,-43.9453125
-43.45703125,-46.38671875,-42.96875,-46.875
-55.17578125,-60.546875,-48.33984375,-41.015625
-43.9453125,-33.69140625,-49.31640625,-40.52734375
-31.25,-19.53125,-45.41015625,-49.8046875
-45.41015625,-60.05859375,-50.29296875,-57.6171875
-63.96484375,-78.61328125,-54.19921875,-54.6875
-71.77734375,-71.2890625,-53.22265625,-55.6640625
-58.59375,-33.203125,-52.734375,-55.6640625
-45.8984375,-19.53125,-51.26953125,-50.78125
-51.7578125,-50.78125,-52.734375,-51.7578125
-61.5234375,-75.1953125,-49.8046875,-48.828125
-65.4296875,-65.4296875,-50.78125,-44.921875
-53.22265625,-13.671875,-56.15234375,-41.50390625
-37.109375,-25.87890625,-51.26953125,-39.0625
-38.57421875,-44.43359375,-46.38671875,-47.36328125
-47.8515625,-68.359375,-44.43359375,-47.8515625
-57.6171875,-92.7734375,-49.31640625,-45.8984375
-56.15234375,-31.25,-52.734375,-46.38671875
-33.203125,-8.30078125,-44.921875,-46.875
-30.76171875,-40.52734375,-45.8984375,-53.7109375
-44.43359375,-67.3828125,-54.19921875,-56.15234375
-53.22265625,-66.40625,-46.875,-49.31640625
-51.26953125,-30.2734375,-44.43359375,-48.33984375
-36.1328125,-7.8125,-48.828125,-49.31640625
-30.76171875,-20.99609375,-45.41015625,-50.29296875
-38.57421875,-75.68359375,-49.31640625,-55.6640625
-55.6640625,-86.9140625,-55.17578125,-54.19921875
-58.10546875,-43.9453125,-48.828125,-48.33984375
-38.57421875,-21.97265625,-40.0390625,-43.9453125
-33.203125,-14.16015625,-37.59765625,-45.41015625
-49.8046875,-46.38671875,-37.59765625,-51.26953125
-68.84765625,-83.984375,-51.26953125,-50.29296875
-62.5,-44.43359375,-51.26953125,-33.69140625
-39.55078125,-5.859375,-39.55078125,-22.94921875
-35.15625,-15.625,-43.45703125,-35.15625
-44.43359375,-52.734375,-41.9921875,-44.921875
-58.10546875,-63.96484375,-37.109375,-45.8984375
-61.5234375,-52.734375,-40.0390625,-38.57421875
-42.96875,-28.80859375,-42.96875,-36.1328125
-30.76171875,-17.08984375,-40.0390625,-43.45703125
-44.921875,-50.29296875,-43.9453125,-51.26953125
-62.5,-68.84765625,-47.8515625,-53.7109375
-62.01171875,-58.10546875,-46.38671875,-42.96875
-44.921875,-22.4609375,-44.43359375,-40.0390625
-33.203125,-11.71875,-42.48046875,-45.8984375
-41.50390625,-61.03515625,-40.0390625,-50.29296875
-58.10546875,-96.6796875,-42.96875,-54.6875
-63.4765625,-72.265625,-46.38671875,-51.26953125
-50.78125,-13.671875,-44.921875,-47.8515625
-38.57421875,-18.06640625,-50.78125,-52.734375
-41.9921875,-62.5,-62.01171875,-60.05859375
-60.05859375,-87.890625,-61.03515625,-66.89453125
-71.2890625,-76.171875,-51.7578125,-62.5
-57.12890625,-27.34375,-50.78125,-53.7109375
-43.45703125,-19.04296875,-48.828125,-52.24609375
-48.33984375,-53.22265625,-37.109375,-55.17578125
-61.5234375,-76.171875,-37.109375,-52.734375
-71.2890625,-73.73046875,-47.8515625,-52.734375
-65.91796875,-43.45703125,-50.29296875,-49.31640625
-49.31640625,-7.8125,-46.875,-37.59765625
-47.8515625,-19.53125,-42.96875,-39.55078125
-61.03515625,-79.1015625,-47.8515625,-52.734375
-67.3828125,-101.5625,-52.734375,-46.875
-67.87109375,-46.875,-46.875,-39.0625
-51.7578125,-13.671875,-43.45703125,-42.96875
-39.55078125,-37.59765625,-45.41015625,-46.875
-47.8515625,-83.0078125,-47.36328125,-47.36328125
-61.03515625,-83.984375,-53.7109375,-46.875
-56.15234375,-35.64453125,-59.08203125,-48.828125
-32.71484375,-11.23046875,-60.05859375,-49.31640625
-24.90234375,-35.15625,-52.24609375,-49.31640625
-41.50390625,-67.3828125,-48.828125,-56.640625
-57.6171875,-61.03515625,-51.26953125,-59.08203125
-56.15234375,-50.78125,-45.8984375,-47.8515625
-36.1328125,-18.5546875,-38.57421875,-38.57421875
-34.66796875,-19.04296875,-41.015625,-40.0390625
-48.33984375,-70.3125,-44.921875,-50.78125
-58.59375,-79.1015625,-44.43359375,-53.22265625
-60.05859375,-49.8046875,-48.828125,-48.828125
-38.0859375,-15.13671875,-48.828125,-48.33984375
-24.90234375,-23.92578125,-49.31640625,-50.29296875
-37.109375,-60.546875,-50.78125,-53.22265625
-53.22265625,-81.54296875,-48.828125,-56.640625
-59.5703125,-57.12890625,-54.19921875,-57.6171875
-45.8984375,-2.44140625,-54.6875,-54.19921875
-31.73828125,-23.92578125,-56.15234375,-54.6875
-43.45703125,-80.56640625,-59.08203125,-59.08203125
-62.01171875,-79.1015625,-54.19921875,-57.12890625
-68.84765625,-67.3828125,-50.29296875,-49.8046875
-53.22265625,-17.08984375,-44.921875,-45.8984375
-40.52734375,-1.953125,-40.52734375,-46.38671875
-45.41015625,-55.17578125,-43.9453125,-54.19921875
-58.59375,-76.171875,-45.8984375,-54.19921875
-65.4296875,-67.87109375,-49.31640625,-41.9921875
-51.26953125,-31.73828125,-49.31640625,-34.1796875
-32.2265625,-13.671875,-42.48046875,-39.55078125
-31.25,-33.69140625,-39.55078125,-45.41015625
-46.38671875,-79.1015625,-42.96875,-43.45703125
-57.12890625,-83.984375,-41.9921875,-39.55078125
-48.828125,-33.69140625,-43.9453125,-36.1328125
-29.296875,-9.765625,-47.36328125,-39.55078125
-28.80859375,-40.0390625,-47.8515625,-46.38671875
-38.0859375,-74.70703125,-43.9453125,-50.29296875
-45.8984375,-67.87109375,-39.55078125,-41.9921875
-47.36328125,-19.04296875,-42.48046875,-38.57421875
-31.25,-1.46484375,-43.45703125,-40.52734375
-26.3671875,-41.50390625,-41.9921875,-39.55078125
-39.55078125,-69.82421875,-46.875,-48.33984375
-51.26953125,-62.01171875,-56.15234375,-53.22265625
-49.8046875,-51.26953125,-55.17578125,-45.8984375
-27.83203125,-24.90234375,-52.24609375,-39.55078125
-24.90234375,-18.5546875,-58.59375,-42.96875
-41.015625,-54.19921875,-48.33984375,-45.41015625
-54.19921875,-73.73046875,-35.15625,-43.9453125
-58.10546875,-46.38671875,-38.57421875,-41.50390625
-47.8515625,-18.06640625,-41.9921875,-43.45703125
-46.38671875,-37.109375,-44.921875,-47.36328125
-55.6640625,-77.63671875,-53.7109375,-54.6875
-66.89453125,-87.40234375,-63.4765625,-59.08203125
-62.5,-34.66796875,-61.03515625,-50.29296875
-48.828125,2.9296875,-55.17578125,-46.38671875
-48.33984375,-26.85546875,-55.17578125,-53.7109375
-57.6171875,-74.70703125,-56.15234375,-60.05859375
-70.80078125,-93.75,-53.22265625,-63.96484375
-72.265625,-57.12890625,-48.33984375,-55.6640625
-52.734375,-9.765625,-44.921875,-47.36328125
-41.9921875,-19.53125,-47.8515625,-52.734375
-48.828125,-58.59375,-49.8046875,-54.19921875
-63.96484375,-70.3125,-47.36328125,-55.17578125
-67.3828125,-62.98828125,-45.41015625,-52.24609375
-47.8515625,-24.4140625,-42.96875,-44.921875
-32.71484375,-6.8359375,-45.8984375,-44.43359375
-41.50390625,-33.69140625,-48.33984375,-52.734375
-57.6171875,-79.58984375,-47.36328125,-54.6875
-65.91796875,-70.80078125,-48.33984375,-48.33984375
-54.6875,-15.625,-46.38671875,-44.43359375
-38.0859375,-16.11328125,-42.48046875,-43.9453125
-44.921875,-51.7578125,-40.0390625,-48.33984375
-62.01171875,-81.54296875,-41.50390625,-48.828125
-70.80078125,-78.61328125,-41.50390625,-44.43359375
-57.6171875,-45.8984375,-49.31640625,-45.8984375
-35.64453125,-29.78515625,-51.7578125,-41.50390625
-36.62109375,-56.640625,-46.38671875,-41.50390625
-45.8984375,-72.265625,-46.38671875,-46.38671875
-55.6640625,-47.8515625,-43.9453125,-39.0625
-54.19921875,-34.66796875,-44.43359375,-32.71484375
-37.109375,-33.203125,-52.24609375,-41.015625
-35.64453125,-26.3671875,-52.734375,-48.33984375
-49.8046875,-73.73046875,-48.828125,-47.36328125
-65.91796875,-79.1015625,-43.45703125,-45.8984375
-63.96484375,-29.296875,-41.9921875,-40.52734375
-50.78125,-27.34375,-48.33984375,-41.015625
-44.43359375,-42.48046875,-54.19921875,-52.24609375
-51.7578125,-73.73046875,-56.15234375,-61.5234375
-67.87109375,-87.40234375,-55.6640625,-53.7109375
-65.4296875,-32.2265625,-59.08203125,-41.50390625
-44.921875,7.8125,-60.546875,-44.921875
-38.0859375,-33.203125,-54.6875,-51.7578125
-50.78125,-80.078125,-49.8046875,-57.12890625
-62.98828125,-83.49609375,-47.36328125,-56.15234375
-63.96484375,-46.875,-42.48046875,-47.36328125
-46.875,-15.625,-43.9453125,-39.55078125
-36.62109375,-19.04296875,-49.8046875,-40.52734375
-50.29296875,-62.98828125,-49.8046875,-48.828125
-63.96484375,-74.70703125,-46.875,-55.17578125
-64.453125,-45.41015625,-47.8515625,-46.38671875
-51.26953125,-24.90234375,-49.31640625,-40.52734375
-42.96875,-24.90234375,-47.8515625,-50.78125
-54.19921875,-44.921875,-46.38671875,-56.15234375
-64.453125,-78.61328125,-44.921875,-53.22265625
-71.77734375,-79.58984375,-42.96875,-47.36328125
-67.87109375,-32.71484375,-45.8984375,-47.36328125
-55.17578125,-19.53125,-45.8984375,-49.8046875
-54.6875,-50.78125,-42.96875,-53.22265625
-63.4765625,-83.0078125,-49.8046875,-53.7109375
-64.453125,-71.2890625,-53.7109375,-41.9921875
-50.78125,-21.97265625,-52.734375,-34.66796875
-35.15625,-13.671875,-49.31640625,-37.59765625
-34.66796875,-52.24609375,-48.828125,-41.015625
-47.8515625,-68.84765625,-49.31640625,-44.921875
-55.17578125,-46.38671875,-44.43359375,-43.9453125
-48.33984375,-33.203125,-42.48046875,-38.0859375
-37.59765625,-40.52734375,-44.43359375,-39.55078125
-40.0390625,-48.33984375,-44.43359375,-53.7109375
-53.22265625,-70.3125,-44.43359375,-58.10546875
-67.3828125,-75.68359375,-40.52734375,-46.38671875
-63.96484375,-28.80859375,-42.96875,-45.41015625
-44.921875,-3.41796875,-41.9921875,-49.8046875
-34.66796875,-27.83203125,-42.96875,-46.875
-41.9921875,-68.359375,-46.875,-52.24609375
-53.22265625,-80.56640625,-41.9921875,-54.6875
-48.33984375,-41.50390625,-47.8515625,-43.9453125
-28.80859375,-0.9765625,-43.9453125,-39.0625
-18.5546875,-26.3671875,-35.15625,-44.43359375
-32.2265625,-75.68359375,-41.50390625,-52.24609375
-48.828125,-75.1953125,-46.875,-46.875
-45.41015625,-44.43359375,-45.8984375,-40.0390625
-35.15625,-18.06640625,-44.43359375,-46.875
-39.0625,-37.109375,-48.828125,-58.59375
-51.26953125,-63.4765625,-47.8515625,-64.453125
-64.453125,-76.171875,-44.921875,-65.4296875
-62.98828125,-46.875,-46.38671875,-56.640625
-50.29296875,-19.53125,-47.36328125,-51.26953125
-42.96875,-25.390625,-50.78125,-51.26953125
-55.17578125,-53.22265625,-51.7578125,-58.10546875
-69.3359375,-81.54296875,-46.38671875,-58.10546875
-69.3359375,-66.40625,-40.52734375,-51.26953125
-60.05859375,-18.5546875,-41.9921875,-57.6171875
-48.33984375,-21.97265625,-41.50390625,-58.10546875
-50.29296875,-55.17578125,-45.41015625,-63.96484375
-68.359375,-77.63671875,-47.36328125,-68.359375
-72.265625,-78.61328125,-38.0859375,-58.10546875
-50.78125,-22.94921875,-39.0625,-51.26953125
-37.109375,-12.6953125,-48.33984375,-53.22265625
-45.8984375,-66.89453125,-51.26953125,-59.08203125
-60.05859375,-77.1484375,-51.7578125,-54.6875
-62.5,-41.9921875,-51.7578125,-46.38671875
-46.38671875,-35.15625,-49.8046875,-40.52734375
-31.25,-32.2265625,-50.29296875,-41.9921875
-33.69140625,-47.36328125,-51.7578125,-50.29296875
-49.31640625,-72.75390625,-48.828125,-55.6640625
-56.15234375,-60.05859375,-41.9921875,-49.31640625
-46.875,-17.578125,-42.48046875,-38.57421875
-38.0859375,-16.6015625,-48.33984375,-44.921875
-43.45703125,-41.015625,-49.31640625,-54.19921875
-53.7109375,-66.89453125,-52.24609375,-51.7578125
-66.40625,-80.078125,-53.22265625,-46.875
-59.08203125,-19.53125,-47.36328125,-41.50390625
-41.015625,12.6953125,-52.24609375,-40.0390625
-44.43359375,-46.875,-54.19921875,-46.875
-54.6875,-86.42578125,-54.19921875,-52.24609375
-56.15234375,-71.2890625,-51.26953125,-45.41015625
-56.15234375,-35.15625,-47.36328125,-43.9453125
-46.875,-20.99609375,-47.36328125,-47.36328125
-44.921875,-42.96875,-42.96875,-47.8515625
-55.17578125,-73.2421875,-41.50390625,-53.22265625
-61.03515625,-77.1484375,-50.29296875,-50.78125
-57.12890625,-36.62109375,-55.6640625,-43.45703125
-34.66796875,-17.578125,-43.45703125,-34.1796875
-26.85546875,-20.99609375,-35.15625,-37.109375
-47.36328125,-45.41015625,-42.48046875,-48.828125
-69.3359375,-81.54296875,-50.29296875,-57.12890625
-66.89453125,-60.546875,-50.78125,-56.15234375
-43.9453125,-24.4140625,-49.8046875,-50.29296875
-35.64453125,-28.3203125,-50.78125,-54.6875
-47.8515625,-66.40625,-53.7109375,-64.453125
-62.01171875,-66.40625,-55.17578125,-63.96484375
-62.01171875,-37.59765625,-57.12890625,-56.15234375
-47.36328125,-19.53125,-57.12890625,-51.7578125
-40.0390625,-27.83203125,-48.33984375,-52.24609375
-48.33984375,-69.3359375,-44.921875,-55.17578125
-58.10546875,-65.91796875,-41.9921875,-51.26953125
-61.03515625,-31.25,-41.015625,-44.43359375
-41.9921875,-21.97265625,-46.875,-43.45703125
-27.34375,-17.08984375,-46.38671875,-44.921875
-37.109375,-54.19921875,-46.875,-49.31640625
-58.10546875,-86.9140625,-53.22265625,-57.12890625
-69.82421875,-63.96484375,-52.734375,-58.10546875
-57.12890625,-35.64453125,-45.41015625,-54.19921875
-41.50390625,-24.4140625,-44.43359375,-49.31640625
-42.48046875,-57.12890625,-43.9453125,-50.29296875
-56.640625,-88.37890625,-42.48046875,-49.31640625
-61.5234375,-72.265625,-42.48046875,-42.96875
-46.875,-27.34375,-41.50390625,-36.62109375
-33.69140625,4.39453125,-38.0859375,-30.76171875
-42.48046875,-47.36328125,-40.0390625,-37.109375
-58.59375,-102.05078125,-47.36328125,-43.45703125
-65.91796875,-73.73046875,-48.33984375,-40.52734375
-60.546875,-32.71484375,-45.8984375,-41.015625
-41.9921875,-1.953125,-42.48046875,-37.59765625
-43.9453125,-43.9453125,-38.57421875,-44.921875
-63.96484375,-93.26171875,-37.59765625,-62.01171875
-67.87109375,-69.82421875,-39.55078125,-60.05859375
-61.03515625,-25.390625,-40.0390625,-49.8046875
-41.9921875,-6.34765625,-42.48046875,-49.31640625
-41.9921875,-32.2265625,-48.33984375,-59.5703125
-62.5,-49.31640625,-51.7578125,-68.359375
-71.77734375,-76.171875,-48.33984375,-63.4765625
-63.96484375,-61.03515625,-47.8515625,-54.6875
-46.38671875,-20.5078125,-49.8046875,-52.24609375
-40.52734375,-38.0859375,-45.41015625,-52.24609375
-54.6875,-68.359375,-41.9921875,-55.6640625
-71.2890625,-78.61328125,-53.7109375,-58.10546875
-74.21875,-54.6875,-56.640625,-59.08203125
-53.7109375,-7.8125,-43.45703125,-60.05859375
-41.9921875,-29.78515625,-39.0625,-66.89453125
-51.7578125,-83.0078125,-47.8515625,-74.70703125
-63.96484375,-68.359375,-51.26953125,-63.4765625
-66.40625,-30.76171875,-48.828125,-56.15234375
-52.24609375,-34.1796875,-53.7109375,-56.15234375
-40.52734375,-50.78125,-58.10546875,-59.08203125
-43.45703125,-71.77734375,-53.7109375,-65.4296875
-57.12890625,-81.54296875,-45.8984375,-63.4765625
-59.5703125,-58.10546875,-42.48046875,-52.24609375
-40.52734375,-23.4375,-47.36328125,-49.31640625
-25.390625,-19.04296875,-51.26953125,-57.6171875
-38.0859375,-54.6875,-53.7109375,-66.89453125
-55.6640625,-74.21875,-55.17578125,-65.4296875
-58.59375,-70.80078125,-54.6875,-60.05859375
-44.43359375,-13.671875,-54.19921875,-52.734375
-29.78515625,18.5546875,-53.22265625,-41.9921875
-35.64453125,-50.78125,-50.29296875,-46.875
-51.26953125,-98.14453125,-47.8515625,-53.7109375
-53.7109375,-68.359375,-51.26953125,-45.41015625
-32.71484375,-10.25390625,-50.78125,-34.66796875
-20.01953125,-8.30078125,-56.640625,-39.55078125
-31.25,-49.8046875,-60.546875,-48.828125
-49.31640625,-70.80078125,-54.19921875,-52.734375
-59.5703125,-78.61328125,-53.22265625,-48.33984375
-46.875,-24.4140625,-46.875,-38.57421875
-33.203125,6.34765625,-43.9453125,-35.64453125
-35.64453125,-25.390625,-45.41015625,-43.45703125
-44.921875,-56.15234375,-47.8515625,-45.8984375
-53.7109375,-93.75,-49.31640625,-41.9921875
-48.33984375,-40.52734375,-50.29296875,-41.015625
-30.76171875,-6.34765625,-48.828125,-41.9921875
-29.78515625,-45.8984375,-43.9453125,-53.7109375
-48.33984375,-75.68359375,-47.36328125,-59.08203125
-59.08203125,-82.03125,-51.26953125,-53.7109375
-57.12890625,-41.015625,-48.828125,-48.828125
-45.8984375,-15.625,-49.31640625,-46.875
-41.9921875,-30.76171875,-45.41015625,-53.7109375
-55.17578125,-69.3359375,-43.9453125,-61.03515625
-66.89453125,-78.61328125,-52.24609375,-59.08203125
-63.4765625,-27.83203125,-56.15234375,-50.78125
-41.50390625,-25.390625,-54.19921875,-48.33984375
-33.69140625,-49.31640625,-46.38671875,-47.36328125
-52.24609375,-68.359375,-42.48046875,-50.29296875
-69.3359375,-89.84375,-50.78125,-45.8984375
-68.359375,-40.0390625,-56.15234375,-33.69140625
-52.24609375,-16.11328125,-52.24609375,-35.15625
-44.43359375,-54.19921875,-51.7578125,-41.9921875
-49.31640625,-64.94140625,-53.22265625,-45.41015625
-62.01171875,-73.2421875,-52.24609375,-46.875
-62.01171875,-59.08203125,-51.7578125,-42.48046875
-42.48046875,-15.625,-48.828125,-36.1328125
-25.390625,1.46484375,-43.45703125,-37.109375
-26.85546875,-62.98828125,-43.45703125,-38.0859375
-42.48046875,-97.16796875,-49.8046875,-39.55078125
-48.33984375,-53.7109375,-49.31640625,-38.0859375
-33.69140625,-17.08984375,-43.45703125,-32.2265625
-24.4140625,-5.37109375,-48.828125,-33.203125
-37.109375,-55.6640625,-51.7578125,-44.43359375
-49.31640625,-83.0078125,-50.78125,-47.8515625
-51.7578125,-47.36328125,-52.24609375,-38.57421875
-43.9453125,-11.23046875,-51.26953125,-38.0859375
-28.80859375,-13.18359375,-45.8984375,-41.9921875
-36.62109375,-51.26953125,-49.8046875,-53.22265625
-58.10546875,-63.4765625,-52.734375,-55.17578125
-56.640625,-70.80078125,-49.8046875,-43.45703125
-42.48046875,-44.921875,-48.828125,-40.52734375
-31.73828125,-11.23046875,-43.45703125,-39.55078125
-37.109375,-50.78125,-45.41015625,-45.8984375
-55.17578125,-80.078125,-48.828125,-54.19921875
-64.94140625,-64.94140625,-43.45703125,-53.22265625
-60.05859375,-32.71484375,-50.29296875,-48.33984375
-41.9921875,-26.3671875,-56.640625,-43.45703125
-33.69140625,-39.0625,-46.38671875,-49.31640625
-50.78125,-72.265625,-41.50390625,-59.08203125
-65.4296875,-70.80078125,-49.31640625,-53.22265625
-56.15234375,-11.23046875,-53.7109375,-46.875
-43.45703125,-20.5078125,-48.33984375,-48.828125
-49.8046875,-64.453125,-51.26953125,-52.24609375
-62.98828125,-79.1015625,-57.6171875,-61.5234375
-74.70703125,-90.33203125,-52.734375,-65.91796875
-69.3359375,-51.26953125,-51.7578125,-60.05859375
-48.828125,-21.97265625,-52.24609375,-55.17578125
-42.48046875,-38.57421875,-49.8046875,-55.17578125
-51.7578125,-72.75390625,-52.24609375,-54.19921875
-60.05859375,-79.1015625,-51.7578125,-48.33984375
-55.17578125,-35.64453125,-46.38671875,-48.828125
-37.109375,-0.9765625,-45.8984375,-47.8515625
-34.1796875,-4.39453125,-48.33984375,-44.43359375
-51.26953125,-75.1953125,-44.921875,-53.7109375
-62.98828125,-88.8671875,-44.921875,-58.59375
-61.03515625,-41.015625,-45.8984375,-47.36328125
-43.45703125,-26.3671875,-44.43359375,-41.50390625
-29.296875,-25.87890625,-46.875,-43.45703125
-31.73828125,-59.08203125,-44.921875,-46.875
-40.0390625,-66.40625,-35.64453125,-43.45703125
-45.8984375,-41.015625,-38.57421875,-39.0625
-36.1328125,-18.06640625,-48.828125,-36.1328125
-27.83203125,-26.85546875,-48.828125,-38.57421875
-36.62109375,-51.26953125,-46.38671875,-49.8046875
-48.828125,-52.24609375,-46.875,-52.24609375
-55.17578125,-60.546875,-51.26953125,-45.8984375
-45.8984375,-32.71484375,-46.38671875,-45.41015625
-36.62109375,-13.671875,-36.62109375,-46.875
-43.9453125,-68.84765625,-46.38671875,-51.7578125
-59.5703125,-91.30859375,-49.31640625,-54.19921875
-67.3828125,-64.94140625,-45.41015625,-48.828125
-58.59375,-27.34375,-48.33984375,-48.828125
-42.96875,-21.484375,-46.875,-48.33984375
-44.921875,-52.24609375,-52.24609375,-46.875
-56.640625,-76.66015625,-50.29296875,-47.8515625
-64.453125,-66.89453125,-44.43359375,-47.8515625
-58.10546875,-14.6484375,-42.48046875,-46.875
-45.8984375,-21.97265625,-39.55078125,-49.8046875
-51.7578125,-56.640625,-43.9453125,-63.4765625
-68.359375,-80.078125,-53.7109375,-71.77734375
-72.265625,-71.77734375,-55.6640625,-62.5
-60.05859375,-26.85546875,-48.33984375,-53.7109375
-41.015625,-6.8359375,-43.45703125,-59.08203125
-34.1796875,-30.76171875,-47.8515625,-62.5
-47.36328125,-58.10546875,-54.19921875,-62.98828125
-62.98828125,-72.75390625,-55.17578125,-63.96484375
-64.94140625,-39.0625,-53.22265625,-54.6875
-50.29296875,-14.16015625,-47.36328125,-41.9921875
-41.50390625,-38.0859375,-41.015625,-51.7578125
-52.24609375,-71.2890625,-42.96875,-61.5234375
-64.453125,-88.37890625,-43.9453125,-50.29296875
-62.5,-51.26953125,-42.96875,-41.50390625
-43.45703125,-18.06640625,-40.52734375,-38.0859375
-33.203125,-26.3671875,-37.109375,-40.52734375
-41.9921875,-63.96484375,-41.50390625,-48.828125
-55.6640625,-72.75390625,-46.38671875,-45.8984375
-58.59375,-47.36328125,-50.78125,-41.9921875
-45.8984375,-12.6953125,-52.24609375,-44.43359375
-36.62109375,-34.1796875,-52.24609375,-44.43359375
-44.43359375,-60.546875,-50.78125,-59.08203125
-57.6171875,-54.19921875,-44.921875,-63.96484375
-54.6875,-55.6640625,-47.36328125,-52.24609375
-38.0859375,-30.2734375,-44.921875,-51.7578125
-30.76171875,-20.99609375,-42.48046875,-56.640625
-40.52734375,-52.734375,-46.38671875,-56.640625
-59.08203125,-71.2890625,-48.828125,-52.734375
-62.5,-62.98828125,-51.7578125,-45.8984375
-48.33984375,-19.53125,-55.17578125,-44.921875
-38.57421875,-6.8359375,-49.31640625,-50.29296875
-45.41015625,-49.31640625,-44.43359375,-57.6171875
-61.03515625,-77.63671875,-52.24609375,-65.91796875
-72.75390625,-64.94140625,-62.5,-65.91796875
-56.640625,-5.859375,-57.12890625,-55.17578125
-32.71484375,-20.5078125,-48.33984375,-51.7578125
-34.66796875,-47.8515625,-51.7578125,-49.8046875
-54.19921875,-70.3125,-46.875,-43.45703125
-66.89453125,-93.26171875,-44.43359375,-43.45703125
-53.22265625,-27.34375,-46.38671875,-41.50390625
-31.73828125,-2.44140625,-44.43359375,-37.109375
-36.1328125,-45.41015625,-41.015625,-43.9453125
-56.15234375,-87.40234375,-41.50390625,-54.6875
-62.01171875,-82.03125,-39.0625,-54.19921875
-50.78125,-27.34375,-38.57421875,-46.38671875
-36.62109375,-0.9765625,-40.52734375,-42.96875
-36.62109375,-20.5078125,-49.8046875,-53.7109375
-52.734375,-84.47265625,-58.10546875,-59.08203125
-65.4296875,-100.09765625,-48.828125,-52.24609375
-54.6875,-35.15625,-41.9921875,-49.31640625
-35.64453125,-12.20703125,-51.26953125,-44.43359375
-36.1328125,-23.92578125,-55.6640625,-44.921875
-50.78125,-71.2890625,-48.828125,-51.26953125
-63.96484375,-100.09765625,-45.41015625,-45.8984375
-59.08203125,-48.828125,-45.8984375,-43.9453125
-40.52734375,-14.6484375,-46.875,-46.38671875
-32.71484375,-31.73828125,-49.31640625,-48.33984375
-41.50390625,-58.59375,-48.828125,-54.6875
-50.29296875,-53.22265625,-44.43359375,-46.875
-55.17578125,-49.31640625,-46.38671875,-42.48046875
-47.8515625,-30.2734375,-42.96875,-42.96875
-41.9921875,-20.99609375,-39.0625,-43.45703125
-53.22265625,-69.3359375,-47.36328125,-50.29296875
-65.91796875,-88.8671875,-54.19921875,-53.7109375
-72.75390625,-48.828125,-55.6640625,-48.33984375
-61.5234375,-16.11328125,-50.29296875,-46.875
-45.41015625,-22.94921875,-43.45703125,-47.8515625
-51.26953125,-66.89453125,-43.9453125,-52.734375
-69.82421875,-104.00390625,-44.921875,-57.6171875
-74.21875,-57.6171875,-44.43359375,-52.24609375
-55.6640625,0.0,-48.33984375,-50.78125
-37.59765625,-31.73828125,-51.7578125,-46.875
-47.36328125,-77.1484375,-52.24609375,-49.31640625
-64.94140625,-82.51953125,-55.6640625,-54.6875
-67.87109375,-70.3125,-57.12890625,-48.33984375
-52.734375,-26.85546875,-53.22265625,-38.57421875
-38.57421875,-20.5078125,-46.875,-35.15625
-42.96875,-51.7578125,-44.921875,-46.38671875
-58.10546875,-73.73046875,-53.7109375,-56.15234375
-69.82421875,-63.96484375,-58.59375,-50.78125
-59.5703125,-20.01953125,-48.33984375,-47.8515625
-46.38671875,-14.16015625,-41.9921875,-52.24609375
-48.828125,-21.97265625,-43.45703125,-56.640625
-58.10546875,-74.21875,-50.29296875,-53.22265625
-64.453125,-96.19140625,-54.6875,-47.8515625
-52.24609375,-32.2265625,-48.33984375,-43.9453125
-37.109375,-12.20703125,-49.8046875,-41.50390625
-35.64453125,-41.015625,-47.8515625,-44.921875
-47.8515625,-73.73046875,-44.43359375,-48.828125
-59.5703125,-72.265625,-50.29296875,-44.43359375
-56.640625,-36.62109375,-55.6640625,-39.55078125
-41.50390625,-15.13671875,-50.78125,-40.52734375
-35.15625,-34.66796875,-42.48046875,-41.50390625
-41.015625,-58.10546875,-38.57421875,-40.52734375
-52.734375,-48.33984375,-43.45703125,-41.50390625
-59.08203125,-46.38671875,-43.45703125,-36.62109375
-43.45703125,-18.06640625,-39.55078125,-34.1796875
-37.59765625,-19.04296875,-41.9921875,-44.921875
-53.22265625,-80.078125,-44.921875,-53.7109375
-64.94140625,-81.0546875,-47.36328125,-52.24609375
-55.6640625,-29.78515625,-42.96875,-45.8984375
-36.1328125,5.859375,-45.41015625,-45.41015625
-29.78515625,-19.04296875,-47.8515625,-53.22265625
-45.41015625,-62.01171875,-47.8515625,-59.08203125
-61.03515625,-76.171875,-48.828125,-57.6171875
-62.01171875,-42.96875,-49.31640625,-50.29296875
-43.9453125,11.71875,-48.828125,-43.9453125
-32.2265625,-14.6484375,-51.7578125,-47.36328125
-46.875,-67.3828125,-54.6875,-52.24609375
-62.5,-80.56640625,-55.17578125,-54.19921875
-69.3359375,-67.87109375,-63.4765625,-54.6875
-50.29296875,-8.30078125,-57.12890625,-43.45703125
-26.85546875,0.9765625,-43.9453125,-37.109375
-34.66796875,-57.6171875,-42.96875,-41.9921875
-58.10546875,-87.890625,-49.8046875,-48.33984375
-64.94140625,-80.078125,-55.17578125,-52.734375
-52.24609375,-28.3203125,-49.8046875,-50.78125
-44.43359375,-21.484375,-47.8515625,-47.36328125
-48.33984375,-47.36328125,-47.8515625,-50.78125
-56.15234375,-62.01171875,-48.33984375,-55.6640625
-58.59375,-80.078125,-49.31640625,-49.8046875
-44.921875,-29.78515625,-47.8515625,-37.109375
-27.34375,-10.7421875,-45.41015625,-34.66796875
-34.1796875,-49.8046875,-49.31640625,-44.43359375
-49.31640625,-68.84765625,-54.19921875,-50.29296875
-58.59375,-68.84765625,-53.7109375,-46.875
-56.15234375,-20.99609375,-50.78125,-48.828125
-44.921875,-6.8359375,-51.26953125,-56.640625
-47.8515625,-57.6171875,-44.921875,-60.546875
-55.17578125,-69.3359375,-41.9921875,-59.08203125
-63.96484375,-50.29296875,-49.31640625,-52.24609375
-64.453125,-38.57421875,-51.26953125,-53.7109375
-44.921875,-21.97265625,-48.33984375,-53.7109375
-40.0390625,-28.80859375,-50.78125,-57.6171875
-51.26953125,-72.75390625,-53.7109375,-60.546875
-61.5234375,-81.54296875,-55.17578125,-54.6875
-57.12890625,-41.9921875,-58.59375,-52.734375
-40.52734375,-23.92578125,-59.08203125,-46.875
-34.66796875,-28.3203125,-59.5703125,-46.38671875
-46.38671875,-71.77734375,-55.17578125,-50.78125
-65.91796875,-100.09765625,-48.33984375,-51.26953125
-69.82421875,-41.50390625,-51.7578125,-45.8984375
-45.41015625,4.39453125,-51.26953125,-39.0625
-30.2734375,-32.2265625,-47.8515625,-38.57421875
-47.36328125,-91.30859375,-53.7109375,-50.29296875
-64.94140625,-91.30859375,-53.22265625,-55.17578125
-70.3125,-58.10546875,-49.8046875,-47.8515625
-58.59375,-24.4140625,-49.8046875,-44.921875
-48.828125,-23.4375,-47.36328125,-47.36328125
-55.17578125,-54.6875,-43.9453125,-50.78125
-64.453125,-76.66015625,-48.33984375,-55.6640625
-63.96484375,-51.26953125,-51.26953125,-47.36328125
-44.43359375,-9.27734375,-48.828125,-37.59765625
-30.76171875,-15.13671875,-49.31640625,-39.0625
-39.0625,-38.0859375,-48.828125,-45.8984375
-57.12890625,-71.77734375,-53.22265625,-59.5703125
-67.87109375,-70.3125,-54.19921875,-58.59375
-54.19921875,-17.578125,-48.828125,-51.26953125
-36.62109375,-17.578125,-50.29296875,-50.29296875
-44.921875,-63.96484375,-46.38671875,-55.6640625
-61.5234375,-84.47265625,-42.48046875,-57.6171875
-64.94140625,-66.40625,-39.55078125,-57.12890625
-48.828125,-27.83203125,-29.296875,-46.38671875
-35.15625,-22.4609375,-31.73828125,-42.48046875
-43.45703125,-53.22265625,-42.48046875,-52.24609375
-58.59375,-71.2890625,-50.29296875,-55.6640625
-65.4296875,-52.734375,-55.17578125,-50.78125
-55.17578125,-26.3671875,-55.17578125,-42.96875
-42.96875,-34.66796875,-53.22265625,-42.48046875
-43.9453125,-40.0390625,-50.29296875,-52.24609375
-50.78125,-63.96484375,-48.828125,-55.17578125
-58.59375,-70.3125,-50.78125,-52.24609375
-55.17578125,-28.3203125,-58.10546875,-51.7578125
-39.55078125,-18.5546875,-64.94140625,-45.8984375
-40.52734375,-43.9453125,-61.5234375,-53.22265625
-59.08203125,-82.03125,-46.875,-68.359375
-71.2890625,-90.33203125,-37.59765625,-60.05859375
-63.96484375,-40.0390625,-36.62109375,-50.78125
-46.38671875,-4.39453125,-37.109375,-47.8515625
-44.921875,-44.43359375,-47.36328125,-52.24609375
-60.546875,-94.23828125,-52.734375,-58.59375
-69.82421875,-81.0546875,-41.9921875,-53.7109375
-67.87109375,-34.66796875,-34.66796875,-48.828125
-44.43359375,-13.671875,-33.203125,-41.015625
-35.15625,-36.1328125,-36.62109375,-41.015625
-46.38671875,-60.546875,-43.9453125,-46.875
-55.17578125,-59.5703125,-44.921875,-49.31640625
-59.5703125,-49.8046875,-42.48046875,-45.8984375
-43.9453125,-26.85546875,-41.015625,-41.9921875
-30.76171875,-13.671875,-44.43359375,-49.8046875
-46.875,-50.29296875,-52.24609375,-57.12890625
-52.24609375,-82.51953125,-54.19921875,-42.96875
-50.29296875,-59.08203125,-47.36328125,-35.15625
-61.03515625,-24.90234375,-36.62109375,-57.6171875
-57.6171875,-24.4140625,-34.66796875,-69.82421875
-66.40625,-59.08203125,-32.71484375,-74.21875
-86.42578125,-77.1484375,-35.64453125,-80.56640625
-94.23828125,-48.828125,-36.62109375,-79.1015625
-93.26171875,-16.11328125,-36.1328125,-90.8203125
-90.8203125,-11.23046875,-41.50390625,-108.88671875
-97.65625,-40.0390625,-44.921875,-113.28125
-114.74609375,-50.78125,-51.26953125,-120.1171875
-128.41796875,-31.73828125,-60.546875,-121.58203125
-120.60546875,-17.578125,-58.59375,-119.140625
-113.28125,-14.6484375,-53.22265625,-128.41796875
-125.0,-40.52734375,-57.12890625,-143.06640625
-146.97265625,-63.4765625,-61.5234375,-156.25
-158.203125,-45.8984375,-62.5,-156.73828125
-150.390625,-1.46484375,-60.05859375,-152.83203125
-139.16015625,10.7421875,-58.10546875,-154.296875
-142.08984375,-24.90234375,-55.17578125,-162.59765625
-156.25,-56.640625,-56.640625,-171.875
-162.59765625,-48.33984375,-58.59375,-165.52734375
-150.87890625,-5.37109375,-52.24609375,-149.90234375
-139.6484375,21.97265625,-47.8515625,-146.97265625
-143.5546875,-19.04296875,-47.36328125,-159.1796875
-144.53125,-50.29296875,-47.36328125,-160.64453125
-146.97265625,-42.96875,-47.36328125,-148.4375
-153.3203125,-24.90234375,-50.29296875,-145.01953125
-139.16015625,-1.46484375,-51.26953125,-147.4609375
-128.41796875,-10.7421875,-52.24609375,-150.390625
-143.06640625,-50.29296875,-62.01171875,-157.71484375
-152.83203125,-59.5703125,-65.4296875,-154.296875
-145.5078125,-14.6484375,-61.03515625,-144.53125
-113.76953125,-2.9296875,-60.05859375,-130.37109375
-106.93359375,-15.13671875,-55.6640625,-133.7890625
-127.9296875,-31.73828125,-60.05859375,-144.04296875
-128.90625,-71.77734375,-63.96484375,-126.953125
-129.8828125,-55.17578125,-65.91796875,-121.58203125
-115.72265625,-8.7890625,-64.94140625,-122.0703125
-95.21484375,-17.08984375,-62.5,-117.1875
-89.84375,-38.57421875,-59.5703125,-108.88671875
-108.3984375,-58.10546875,-58.59375,-113.76953125
-112.79296875,-43.45703125,-58.59375,-113.76953125
-98.14453125,0.0,-57.6171875,-106.93359375
-98.6328125,-3.41796875,-58.10546875,-117.67578125
-102.05078125,-47.8515625,-57.12890625,-113.28125
-120.1171875,-54.6875,-57.6171875,-116.69921875
-126.46484375,-22.4609375,-57.12890625,-122.55859375
-112.79296875,-7.8125,-57.12890625,-113.28125
-110.83984375,-14.16015625,-61.03515625,-116.69921875
-116.2109375,-54.19921875,-58.59375,-125.48828125
-125.0,-66.89453125,-52.734375,-121.09375
-139.16015625,-43.9453125,-46.875,-119.140625
-131.8359375,-16.11328125,-42.96875,-121.09375
-116.2109375,-16.6015625,-42.96875,-119.62890625
-113.28125,-26.3671875,-41.9921875,-122.55859375
-107.421875,-35.15625,-38.0859375,-117.1875
-107.91015625,-48.828125,-40.0390625,-109.375
-100.5859375,-2.9296875,-49.31640625,-104.4921875
-78.61328125,29.78515625,-47.8515625,-102.05078125
-81.54296875,-19.53125,-43.45703125,-104.98046875
-99.609375,-66.40625,-50.78125,-114.74609375
-109.375,-41.50390625,-58.10546875,-119.62890625
-91.796875,9.27734375,-55.17578125,-103.515625
-66.89453125,20.01953125,-49.31640625,-95.703125
-74.70703125,-13.671875,-46.38671875,-106.4453125
-86.42578125,-51.7578125,-47.36328125,-105.46875
-97.16796875,-48.828125,-50.29296875,-97.65625
-85.9375,-4.39453125,-54.6875,-78.61328125
-55.17578125,-2.44140625,-60.05859375,-59.5703125
-59.5703125,-14.6484375,-58.59375,-68.359375
-71.2890625,-25.87890625,-53.7109375,-77.63671875
-75.1953125,-68.84765625,-58.10546875,-67.3828125
-68.84765625,-57.12890625,-63.4765625,-51.26953125
-41.9921875,-17.578125,-59.08203125,-45.8984375
-41.015625,-30.2734375,-59.08203125,-62.01171875
-58.59375,-70.80078125,-67.87109375,-69.3359375
-57.12890625,-75.68359375,-73.2421875,-61.5234375
-45.8984375,-34.1796875,-69.82421875,-52.734375
-20.01953125,-18.5546875,-64.453125,-41.015625
-3.90625,-31.25,-61.5234375,-35.15625
-13.18359375,-66.89453125,-61.03515625,-40.0390625
-24.90234375,-85.9375,-59.5703125,-37.109375
-21.484375,-38.0859375,-59.5703125,-26.3671875
-4.8828125,-22.4609375,-62.5,-17.578125
8.7890625,-29.296875,-62.01171875,-18.5546875
-1.953125,-57.6171875,-61.03515625,-20.01953125
-21.484375,-102.05078125,-61.03515625,-18.5546875
-21.484375,-80.078125,-56.640625,-13.18359375
-3.41796875,-34.1796875,-55.17578125,-5.37109375
7.8125,-29.78515625,-61.5234375,-6.34765625
2.9296875,-64.94140625,-61.5234375,-16.11328125
-8.30078125,-83.49609375,-60.546875,-17.578125
-15.625,-80.56640625,-64.94140625,-13.18359375
-4.8828125,-34.1796875,-63.4765625,-4.39453125
13.18359375,-10.25390625,-57.12890625,5.37109375
10.7421875,-74.70703125,-54.6875,5.859375
-9.765625,-110.3515625,-56.640625,2.9296875
-20.5078125,-83.49609375,-57.12890625,5.859375
-6.34765625,-44.43359375,-54.6875,7.32421875
15.13671875,-24.4140625,-48.828125,7.8125
11.71875,-63.96484375,-46.38671875,6.34765625
-5.37109375,-100.5859375,-51.7578125,1.953125
-12.20703125,-91.30859375,-52.734375,8.7890625
-4.39453125,-50.29296875,-53.7109375,8.30078125
14.6484375,-32.2265625,-48.33984375,6.34765625
13.671875,-49.8046875,-40.52734375,5.37109375
-2.44140625,-64.94140625,-51.26953125,-0.9765625
-15.625,-95.21484375,-60.546875,-3.41796875
-11.71875,-66.89453125,-56.15234375,3.41796875
7.8125,-21.97265625,-51.7578125,8.30078125
4.39453125,-50.78125,-52.734375,-0.9765625
-12.6953125,-86.42578125,-52.24609375,-10.25390625
-21.484375,-80.56640625,-46.875,-3.41796875
-15.625,-47.36328125,-47.36328125,3.90625
4.8828125,-16.6015625,-45.41015625,6.8359375
9.765625,-36.1328125,-42.96875,4.8828125
-6.8359375,-91.796875,-45.41015625,-1.46484375
-20.99609375,-83.0078125,-46.38671875,-4.39453125
-19.04296875,-26.3671875,-47.8515625,1.953125
3.41796875,-23.92578125,-50.78125,9.765625
12.6953125,-34.1796875,-50.29296875,6.8359375
-8.7890625,-73.73046875,-51.7578125,-2.9296875
-29.78515625,-88.8671875,-50.29296875,-6.34765625
-25.390625,-45.8984375,-40.52734375,0.0
-8.7890625,-21.97265625,-30.76171875,3.41796875
-2.9296875,-23.92578125,-32.2265625,-3.41796875
-10.7421875,-65.91796875,-35.15625,-12.6953125
-30.76171875,-86.42578125,-37.59765625,-19.04296875
-42.48046875,-51.26953125,-44.43359375,-11.71875
-26.85546875,-8.7890625,-45.8984375,-10.25390625
-7.32421875,-6.34765625,-42.96875,-24.4140625
-18.06640625,-66.89453125,-46.38671875,-33.203125
-35.15625,-99.609375,-52.24609375,-33.69140625
-38.0859375,-60.546875,-48.33984375,-30.2734375
-28.3203125,-6.8359375,-45.41015625,-23.92578125
-15.13671875,-8.7890625,-54.19921875,-29.296875
-18.5546875,-51.26953125,-54.19921875,-39.0625
-35.15625,-77.1484375,-55.6640625,-41.9921875
-52.734375,-68.359375,-60.546875,-41.50390625
-46.38671875,-26.85546875,-53.7109375,-39.55078125
-28.80859375,-8.30078125,-54.6875,-41.50390625
-35.64453125,-54.19921875,-58.10546875,-46.38671875
-58.10546875,-72.75390625,-51.26953125,-53.7109375
-80.56640625,-78.125,-50.29296875,-66.89453125
-80.56640625,-42.48046875,-51.26953125,-71.77734375
-66.40625,-20.01953125,-52.24609375,-72.265625
-75.1953125,-56.15234375,-55.6640625,-86.42578125
-93.75,-77.1484375,-55.17578125,-97.16796875
-101.5625,-65.4296875,-53.22265625,-97.65625
-110.3515625,-2.9296875,-49.31640625,-108.88671875
-114.74609375,15.13671875,-48.33984375,-126.953125
-118.65234375,-13.18359375,-51.26953125,-134.27734375
-147.4609375,-39.55078125,-56.640625,-151.85546875
-167.96875,-38.0859375,-61.03515625,-166.50390625
-159.66796875,19.04296875,-56.640625,-167.96875
-143.06640625,50.78125,-49.31640625,-168.45703125
-136.71875,18.06640625,-52.24609375,-164.0625
-152.34375,-18.5546875,-62.98828125,-170.8984375
-164.55078125,-21.97265625,-70.80078125,-170.8984375
-155.2734375,35.64453125,-72.265625,-155.2734375
-143.5546875,63.96484375,-73.73046875,-153.80859375
-136.23046875,34.66796875,-71.77734375,-150.87890625
-131.34765625,-3.90625,-69.82421875,-143.5546875
-137.20703125,-24.90234375,-78.61328125,-143.06640625
-124.0234375,9.27734375,-79.58984375,-129.39453125
-95.703125,45.8984375,-70.80078125,-124.0234375
-75.1953125,50.78125,-69.82421875,-111.328125
-72.75390625,-8.30078125,-72.75390625,-101.07421875
-85.9375,-42.48046875,-66.89453125,-104.00390625
-73.73046875,-10.25390625,-67.3828125,-84.47265625
-39.55078125,26.85546875,-75.68359375,-67.87109375
-25.87890625,32.71484375,-77.1484375,-68.359375
-38.0859375,-16.6015625,-72.265625,-74.21875
-51.26953125,-53.7109375,-70.3125,-73.73046875
-47.8515625,-21.484375,-69.82421875,-58.59375
-28.80859375,12.20703125,-67.87109375,-41.015625
-12.6953125,-15.625,-65.4296875,-37.109375
-15.13671875,-43.9453125,-61.03515625,-39.0625
-26.3671875,-40.52734375,-54.19921875,-32.71484375
-30.2734375,-60.05859375,-45.41015625,-17.08984375
-22.4609375,-37.109375,-46.875,-17.578125
-5.37109375,-4.39453125,-50.29296875,-15.625
-11.71875,-48.828125,-54.19921875,-13.18359375
-28.80859375,-86.42578125,-53.7109375,-20.99609375
-27.83203125,-62.98828125,-44.921875,-4.8828125
-9.765625,-25.87890625,-43.9453125,5.859375
6.8359375,-23.4375,-46.38671875,-1.46484375
1.953125,-56.640625,-48.33984375,-10.25390625
-12.20703125,-94.7265625,-53.22265625,-15.625
-18.5546875,-76.66015625,-57.6171875,-9.27734375
-7.8125,-22.94921875,-48.828125,-0.9765625
6.8359375,-42.48046875,-47.8515625,-2.9296875
13.671875,-75.68359375,-59.08203125,-1.46484375
9.27734375,-92.7734375,-48.828125,0.0
-11.23046875,-99.12109375,-34.66796875,-7.32421875
-8.7890625,-49.31640625,-32.71484375,-6.8359375
14.16015625,-13.671875,-34.1796875,-4.39453125
14.16015625,-31.25,-37.59765625,-10.7421875
-8.30078125,-80.078125,-44.43359375,-21.484375
-18.5546875,-84.47265625,-49.8046875,-20.5078125
-12.20703125,-43.45703125,-46.875,-12.6953125
3.90625,-12.6953125,-40.0390625,-5.37109375
10.25390625,-14.16015625,-39.0625,-5.859375
-9.765625,-78.125,-46.38671875,-20.99609375
-24.90234375,-85.9375,-46.38671875,-18.5546875
-25.390625,-42.48046875,-39.0625,-8.7890625
-12.6953125,-27.34375,-42.48046875,-8.30078125
-3.90625,-34.1796875,-48.33984375,-13.18359375
-10.7421875,-70.3125,-45.8984375,-20.01953125
-24.4140625,-89.84375,-49.31640625,-19.04296875
-32.2265625,-67.87109375,-52.734375,-15.13671875
-14.16015625,-17.578125,-43.9453125,-8.30078125
-2.44140625,-28.3203125,-41.015625,-11.71875
-14.6484375,-66.40625,-43.9453125,-21.97265625
-23.4375,-63.4765625,-43.9453125,-19.04296875
-23.92578125,-66.89453125,-40.52734375,-14.16015625
-12.20703125,-40.0390625,-41.9921875,-15.13671875
-4.8828125,-26.3671875,-44.43359375,-20.01953125
-15.625,-64.94140625,-46.875,-28.80859375
-25.87890625,-67.3828125,-47.36328125,-34.1796875
-28.80859375,-48.828125,-46.38671875,-27.83203125
-24.90234375,-36.1328125,-46.38671875,-25.390625
-16.11328125,-20.5078125,-40.0390625,-25.87890625
-20.01953125,-54.19921875,-34.1796875,-28.3203125
-32.2265625,-78.61328125,-33.69140625,-28.3203125
-43.45703125,-71.2890625,-37.59765625,-18.06640625
-35.15625,-20.01953125,-36.1328125,-8.30078125
-16.11328125,-17.08984375,-32.2265625,-8.30078125
-20.01953125,-60.546875,-35.64453125,-15.13671875
-36.1328125,-82.03125,-44.43359375,-20.01953125
-43.45703125,-82.03125,-52.24609375,-19.04296875
-30.76171875,-38.57421875,-49.8046875,-4.8828125
-21.484375,-32.71484375,-33.203125,-1.953125
-43.45703125,-68.359375,-31.25,-30.76171875
-64.453125,-85.44921875,-43.45703125,-47.36328125
-66.40625,-84.47265625,-47.36328125,-41.50390625
-61.03515625,-53.7109375,-46.38671875,-41.50390625
-41.015625,-26.85546875,-37.109375,-38.0859375
-35.64453125,-27.83203125,-35.64453125,-36.62109375
-45.41015625,-78.125,-42.96875,-49.8046875
-55.17578125,-108.88671875,-47.36328125,-50.78125
-52.734375,-48.33984375,-46.875,-41.015625
-42.96875,-20.01953125,-38.57421875,-42.48046875
-41.015625,-38.57421875,-29.78515625,-50.29296875
-50.29296875,-75.1953125,-39.55078125,-55.6640625
-66.40625,-85.44921875,-48.828125,-57.12890625
-71.2890625,-47.8515625,-41.50390625,-55.6640625
-54.6875,-13.18359375,-45.41015625,-50.78125
-45.8984375,-35.64453125,-52.24609375,-51.7578125
-55.6640625,-71.2890625,-47.36328125,-52.24609375
-64.453125,-67.3828125,-52.24609375,-49.31640625
-64.94140625,-62.01171875,-50.78125,-45.8984375
-51.26953125,-60.546875,-43.9453125,-38.57421875
-36.62109375,-52.734375,-50.78125,-39.0625
-35.64453125,-62.5,-41.015625,-38.57421875
-51.7578125,-81.0546875,-36.62109375,-36.62109375
-55.6640625,-57.12890625,-49.31640625,-36.62109375
-36.62109375,-23.4375,-49.31640625,-34.1796875
-19.04296875,-35.15625,-45.8984375,-27.83203125
-29.296875,-66.40625,-55.17578125,-38.0859375
-52.24609375,-79.58984375,-52.734375,-43.9453125
-56.640625,-52.24609375,-34.66796875,-32.2265625
-40.52734375,-1.46484375,-20.01953125,-33.203125
-28.80859375,-23.92578125,-23.4375,-40.0390625
-35.15625,-50.78125,-33.69140625,-40.52734375
-48.828125,-64.94140625,-44.43359375,-36.62109375
-57.12890625,-64.94140625,-45.41015625,-35.64453125
-43.9453125,-7.8125,-39.55078125,-37.109375
-26.3671875,-2.9296875,-48.33984375,-35.15625
-29.78515625,-47.36328125,-45.8984375,-40.52734375
-47.8515625,-76.66015625,-49.31640625,-47.8515625
-57.6171875,-68.84765625,-54.6875,-44.43359375
-46.38671875,-28.80859375,-48.828125,-36.62109375
-27.83203125,-7.8125,-45.41015625,-37.59765625
-38.57421875,-33.203125,-39.0625,-53.7109375
-59.5703125,-84.9609375,-38.57421875,-62.5
-67.87109375,-86.42578125,-44.921875,-61.03515625
-59.08203125,-34.66796875,-41.50390625,-47.36328125
-43.45703125,-15.13671875,-37.109375,-41.9921875
-41.9921875,-24.4140625,-40.52734375,-50.29296875
-50.29296875,-69.3359375,-40.52734375,-53.7109375
-62.5,-93.75,-35.64453125,-46.38671875
-58.10546875,-36.62109375,-37.59765625,-37.109375
-42.96875,-16.11328125,-40.0390625,-33.69140625
-41.50390625,-39.0625,-38.57421875,-34.1796875
-53.7109375,-57.12890625,-46.875,-44.43359375
-67.87109375,-56.640625,-44.921875,-47.36328125
-62.98828125,-40.0390625,-36.62109375,-44.43359375
-40.0390625,-17.578125,-40.52734375,-41.9921875
-29.78515625,-29.78515625,-43.45703125,-48.828125
-43.9453125,-57.12890625,-48.33984375,-60.546875
-62.5,-70.80078125,-52.734375,-63.4765625
-61.5234375,-55.17578125,-51.7578125,-56.640625
-44.43359375,-17.578125,-54.19921875,-51.7578125
-37.59765625,-11.23046875,-54.6875,-52.24609375
-45.41015625,-45.41015625,-51.7578125,-52.734375
-58.10546875,-86.9140625,-52.24609375,-53.7109375
-63.96484375,-44.921875,-52.734375,-51.7578125
-45.41015625,8.7890625,-48.33984375,-43.9453125
-35.64453125,-28.80859375,-50.78125,-48.33984375
-42.96875,-74.70703125,-53.7109375,-53.7109375
-49.31640625,-81.54296875,-51.26953125,-52.734375
-56.640625,-59.5703125,-53.22265625,-47.36328125
-49.31640625,-27.83203125,-54.6875,-39.55078125
-35.64453125,-16.11328125,-57.12890625,-41.015625
-40.0390625,-51.7578125,-56.15234375,-50.78125
-59.5703125,-88.37890625,-51.7578125,-55.6640625
-66.89453125,-65.4296875,-52.24609375,-49.8046875
-54.19921875,-31.25,-56.15234375,-45.8984375
-38.0859375,-8.7890625,-44.43359375,-42.48046875
-41.50390625,-40.52734375,-35.64453125,-47.8515625
-61.03515625,-82.51953125,-41.015625,-57.6171875
-71.77734375,-89.35546875,-41.015625,-59.08203125
-60.546875,-57.12890625,-47.36328125,-53.7109375
-40.0390625,-23.4375,-56.640625,-48.828125
-41.50390625,-47.36328125,-49.8046875,-52.734375
-58.59375,-81.54296875,-46.875,-60.05859375
-68.359375,-74.70703125,-53.7109375,-58.59375
-61.03515625,-28.3203125,-50.29296875,-51.26953125
-40.52734375,-5.37109375,-41.9921875,-49.8046875
-42.96875,-42.96875,-41.015625,-54.6875
-58.10546875,-83.0078125,-49.8046875,-60.05859375
-65.91796875,-67.87109375,-54.6875,-56.15234375
-59.5703125,-46.38671875,-52.734375,-46.875
-42.48046875,-27.83203125,-46.875,-46.38671875
-37.59765625,-29.78515625,-42.48046875,-48.33984375
-51.7578125,-76.171875,-43.45703125,-55.6640625
-67.3828125,-81.0546875,-49.31640625,-59.5703125
-62.5,-41.9921875,-41.50390625,-52.24609375
-45.8984375,-18.06640625,-41.015625,-49.31640625
-43.45703125,-42.96875,-46.38671875,-53.7109375
-46.38671875,-69.82421875,-44.43359375,-59.08203125
-57.12890625,-78.125,-50.78125,-61.5234375
-59.08203125,-41.50390625,-54.19921875,-53.22265625
-37.109375,-2.9296875,-51.26953125,-41.50390625
-28.80859375,-27.34375,-46.875,-41.50390625
-43.9453125,-81.0546875,-41.50390625,-47.8515625
-62.5,-87.890625,-48.828125,-54.19921875
-60.05859375,-47.36328125,-51.7578125,-48.33984375
-41.015625,-4.39453125,-39.0625,-38.0859375
-29.78515625,-6.8359375,-28.80859375,-39.55078125
-35.64453125,-57.12890625,-27.34375,-49.8046875
-49.31640625,-80.078125,-32.71484375,-52.734375
-57.12890625,-61.5234375,-40.0390625,-44.43359375
-42.48046875,-18.5546875,-39.0625,-39.55078125
-21.97265625,0.0,-40.52734375,-41.9921875
-28.80859375,-24.90234375,-41.9921875,-52.24609375
-50.78125,-83.984375,-47.36328125,-60.05859375
-64.453125,-76.66015625,-52.734375,-56.640625
-54.6875,-17.08984375,-52.24609375,-47.36328125
-40.52734375,-8.30078125,-55.6640625,-48.33984375
-53.22265625,-57.6171875,-51.26953125,-58.59375
-68.359375,-80.56640625,-43.45703125,-56.640625
-73.73046875,-69.82421875,-50.78125,-53.22265625
-64.453125,-14.16015625,-60.05859375,-52.24609375
-42.96875,1.953125,-55.6640625,-50.29296875
-42.48046875,-51.7578125,-46.875,-55.6640625
-52.734375,-65.91796875,-44.43359375,-56.640625
-61.03515625,-50.29296875,-46.875,-56.15234375
-53.22265625,-31.25,-50.29296875,-48.33984375
-40.0390625,-42.96875,-62.5,-46.38671875
-43.45703125,-51.7578125,-60.546875,-62.98828125
-54.6875,-68.359375,-47.36328125,-64.453125
-68.359375,-72.265625,-47.8515625,-63.4765625
-62.98828125,-37.59765625,-54.19921875,-58.59375
-42.48046875,-28.3203125,-53.22265625,-50.78125
-42.48046875,-42.48046875,-49.8046875,-55.17578125
-57.12890625,-71.2890625,-55.17578125,-60.546875
-66.89453125,-71.2890625,-52.24609375,-55.6640625
-65.4296875,-30.2734375,-49.31640625,-48.828125
-49.8046875,2.9296875,-51.26953125,-46.875
-42.48046875,-33.203125,-44.921875,-49.31640625
-54.6875,-83.984375,-39.55078125,-57.6171875
-64.94140625,-81.0546875,-41.50390625,-57.12890625
-64.453125,-42.96875,-45.8984375,-50.29296875
-45.8984375,-8.30078125,-45.8984375,-44.43359375
-35.15625,-21.484375,-46.38671875,-48.33984375
-45.8984375,-68.359375,-50.29296875,-57.12890625
-56.640625,-91.796875,-53.7109375,-56.15234375
-61.03515625,-59.08203125,-60.05859375,-49.8046875
-48.828125,-12.6953125,-56.15234375,-48.33984375
-41.015625,-25.87890625,-47.36328125,-47.36328125
-51.26953125,-57.6171875,-51.7578125,-51.26953125
-61.5234375,-92.28515625,-51.26953125,-54.6875
-61.5234375,-74.70703125,-39.55078125,-44.43359375
-45.8984375,-10.7421875,-40.0390625,-35.64453125
-32.71484375,-20.99609375,-43.45703125,-37.59765625
-44.43359375,-69.82421875,-46.38671875,-46.38671875
-60.05859375,-84.47265625,-54.19921875,-56.15234375
-57.6171875,-57.12890625,-50.29296875,-46.875
-42.96875,-12.6953125,-46.38671875,-41.9921875
-32.2265625,-15.13671875,-42.48046875,-51.26953125
-41.9921875,-55.6640625,-44.921875,-61.5234375
-63.96484375,-80.078125,-46.875,-63.4765625
-75.68359375,-71.2890625,-48.33984375,-60.546875
-60.546875,-43.45703125,-46.875,-55.6640625
-42.96875,-33.203125,-47.36328125,-59.08203125
-45.41015625,-58.59375,-45.8984375,-65.4296875
-56.640625,-89.84375,-40.0390625,-56.640625
-63.96484375,-59.5703125,-40.0390625,-50.78125
-53.7109375,-13.18359375,-40.52734375,-54.6875
-35.64453125,-24.4140625,-42.96875,-48.828125
-42.48046875,-51.7578125,-42.48046875,-50.29296875
-63.4765625,-82.51953125,-47.8515625,-61.5234375
-73.73046875,-85.9375,-48.828125,-59.08203125
-70.3125,-35.15625,-41.9921875,-53.7109375
-53.22265625,8.7890625,-44.43359375,-58.59375
-52.24609375,-50.29296875,-42.96875,-65.91796875
-60.546875,-100.09765625,-39.0625,-57.6171875
-70.3125,-77.1484375,-41.50390625,-46.38671875
-70.3125,-44.921875,-42.48046875,-44.43359375
-47.8515625,-31.73828125,-35.64453125,-42.48046875
-39.0625,-29.296875,-43.9453125,-42.96875
-50.29296875,-66.89453125,-52.734375,-45.8984375
-64.453125,-81.0546875,-44.921875,-43.45703125
-68.359375,-32.71484375,-45.41015625,-46.38671875
-52.734375,-23.92578125,-46.38671875,-50.78125
-42.96875,-30.76171875,-42.48046875,-49.31640625
-52.24609375,-52.734375,-48.33984375,-53.7109375
-68.359375,-94.23828125,-51.7578125,-56.15234375
-65.4296875,-83.49609375,-48.828125,-45.8984375
-43.9453125,-29.296875,-43.45703125,-35.15625
-33.69140625,-22.94921875,-39.55078125,-34.1796875
-42.48046875,-61.03515625,-49.31640625,-43.9453125
-55.6640625,-83.49609375,-59.08203125,-52.24609375
-59.08203125,-71.2890625,-58.10546875,-50.29296875
-41.50390625,-21.97265625,-48.33984375,-40.0390625
-30.2734375,-13.671875,-50.29296875,-44.43359375
-44.43359375,-61.5234375,-56.15234375,-55.6640625
-55.6640625,-67.3828125,-52.734375,-49.8046875
-55.17578125,-40.52734375,-45.8984375,-38.57421875
-44.921875,-17.08984375,-44.43359375,-38.57421875
-32.71484375,-31.25,-43.9453125,-46.38671875
-28.3203125,-61.5234375,-43.45703125,-47.8515625
-37.109375,-82.03125,-43.9453125,-41.9921875
-45.41015625,-66.89453125,-43.45703125,-35.15625
-34.1796875,-25.390625,-44.921875,-32.2265625
-21.97265625,-20.99609375,-48.33984375,-37.59765625
-32.71484375,-41.015625,-47.36328125,-47.36328125
-52.24609375,-70.80078125,-36.1328125,-48.33984375
-61.5234375,-77.1484375,-34.66796875,-48.33984375
-53.22265625,-26.85546875,-45.8984375,-56.15234375
-30.2734375,9.765625,-46.38671875,-46.875
-34.66796875,-44.921875,-43.45703125,-42.96875
-53.7109375,-87.40234375,-51.26953125,-52.734375
-57.6171875,-71.77734375,-51.26953125,-45.8984375
-61.5234375,-36.1328125,-56.15234375,-44.43359375
-46.875,-23.92578125,-64.453125,-49.8046875
-38.57421875,-50.78125,-56.640625,-48.828125
-49.8046875,-73.2421875,-50.29296875,-49.8046875
-60.05859375,-76.171875,-44.43359375,-47.8515625
-55.6640625,-41.015625,-46.875,-43.45703125
-38.0859375,-17.08984375,-48.828125,-42.48046875
-37.109375,-46.38671875,-45.8984375,-47.8515625
-50.29296875,-63.4765625,-47.36328125,-51.7578125
-65.4296875,-81.0546875,-49.8046875,-44.921875
-60.546875,-62.98828125,-56.15234375,-32.71484375
-37.59765625,-15.13671875,-54.19921875,-29.296875
-30.76171875,-30.2734375,-43.45703125,-35.15625
-44.921875,-62.01171875,-37.59765625,-41.9921875
-61.5234375,-67.87109375,-43.45703125,-46.38671875
-64.94140625,-56.15234375,-47.8515625,-41.50390625
-48.828125,-12.6953125,-50.29296875,-37.59765625
-32.2265625,-11.23046875,-50.29296875,-41.015625
-37.59765625,-59.08203125,-47.36328125,-43.45703125
-46.38671875,-76.171875,-43.9453125,-41.50390625
-47.8515625,-33.69140625,-49.8046875,-41.50390625
-34.66796875,-10.7421875,-42.48046875,-39.55078125
-29.78515625,-32.2265625,-39.0625,-42.96875
-35.64453125,-59.08203125,-43.9453125,-45.8984375
-49.31640625,-78.61328125,-48.33984375,-37.109375
-57.6171875,-52.24609375,-52.24609375,-28.80859375
-45.8984375,-8.7890625,-44.921875,-29.296875
-34.1796875,-13.18359375,-42.96875,-37.59765625
-34.66796875,-40.0390625,-40.52734375,-40.52734375
-46.38671875,-70.80078125,-34.1796875,-41.50390625
-59.08203125,-83.49609375,-39.0625,-44.921875
-50.29296875,-28.80859375,-41.015625,-42.48046875
-32.71484375,9.27734375,-36.1328125,-37.109375
-40.0390625,-65.91796875,-41.50390625,-52.24609375
-58.59375,-103.02734375,-43.9453125,-61.5234375
-63.96484375,-69.3359375,-42.96875,-49.31640625
-51.26953125,-29.296875,-52.734375,-44.43359375
-32.71484375,-3.41796875,-55.17578125,-49.8046875
-34.66796875,-45.41015625,-46.38671875,-60.546875
-51.7578125,-72.265625,-39.0625,-61.03515625
-68.359375,-72.75390625,-41.015625,-55.6640625
-62.01171875,-27.34375,-43.45703125,-50.29296875
-33.203125,-6.8359375,-33.203125,-37.59765625
-32.71484375,-24.4140625,-31.25,-48.33984375
-50.29296875,-56.640625,-37.109375,-60.546875
-62.01171875,-93.75,-47.8515625,-49.31640625
-59.5703125,-54.19921875,-54.19921875,-40.52734375
-37.109375,-21.484375,-48.33984375,-37.109375
-30.76171875,-41.015625,-41.9921875,-43.9453125
-43.45703125,-74.21875,-36.1328125,-50.78125
-53.22265625,-84.9609375,-32.71484375,-49.31640625
-54.19921875,-54.19921875,-40.52734375,-43.45703125
-38.0859375,-19.04296875,-48.33984375,-37.109375
-31.25,-21.97265625,-41.9921875,-39.55078125
-44.43359375,-67.3828125,-37.59765625,-49.31640625
-58.59375,-80.078125,-38.0859375,-55.17578125
-64.453125,-29.296875,-42.48046875,-49.8046875
-51.26953125,-14.6484375,-48.33984375,-46.875
-39.55078125,-25.390625,-48.33984375,-49.8046875
-46.38671875,-70.3125,-41.9921875,-60.546875
-63.4765625,-105.95703125,-44.43359375,-68.84765625
-73.2421875,-65.4296875,-44.43359375,-59.5703125
-51.7578125,-14.6484375,-42.48046875,-48.33984375
-34.1796875,-17.08984375,-40.0390625,-45.41015625
-42.96875,-61.5234375,-38.57421875,-50.29296875
-59.08203125,-74.70703125,-40.52734375,-55.17578125
-63.96484375,-62.5,-40.0390625,-53.7109375
-54.19921875,-28.3203125,-41.50390625,-52.734375
-43.9453125,-9.27734375,-47.8515625,-48.33984375
-44.921875,-59.5703125,-44.921875,-52.734375
-57.6171875,-86.42578125,-51.26953125,-60.546875
-60.546875,-57.6171875,-56.640625,-46.38671875
-46.38671875,-17.08984375,-48.828125,-46.38671875
-28.80859375,-4.8828125,-46.875,-51.7578125
-22.4609375,-34.66796875,-39.0625,-41.9921875
-43.9453125,-79.58984375,-40.0390625,-51.26953125
-69.3359375,-79.1015625,-44.43359375,-65.91796875
-63.4765625,-27.34375,-46.38671875,-59.08203125
-39.0625,-11.71875,-45.41015625,-50.29296875
-41.015625,-44.921875,-45.8984375,-56.15234375
-56.15234375,-69.82421875,-51.26953125,-61.03515625
-65.91796875,-81.54296875,-52.24609375,-56.640625
-67.87109375,-37.109375,-57.12890625,-61.03515625
-49.8046875,-1.46484375,-58.59375,-65.4296875
-48.33984375,-37.59765625,-50.29296875,-67.87109375
-59.08203125,-64.453125,-47.8515625,-62.98828125
-66.89453125,-63.4765625,-52.24609375,-59.08203125
-61.03515625,-36.62109375,-56.640625,-58.10546875
-41.9921875,-1.953125,-57.6171875,-54.19921875
-34.1796875,-21.484375,-48.33984375,-56.15234375
-46.38671875,-81.54296875,-49.8046875,-62.5
-60.546875,-82.51953125,-46.875,-54.6875
-52.24609375,-13.671875,-41.015625,-40.0390625
-35.15625,-2.44140625,-42.96875,-40.52734375
-31.25,-43.45703125,-44.43359375,-45.41015625
-44.921875,-63.96484375,-49.31640625,-52.734375
-60.546875,-76.66015625,-43.9453125,-52.734375
-62.5,-44.43359375,-40.0390625,-48.828125
-47.36328125,-10.25390625,-38.57421875,-48.33984375
-39.55078125,-23.4375,-41.50390625,-48.828125
-43.45703125,-61.03515625,-49.31640625,-50.78125
-58.10546875,-74.21875,-48.33984375,-48.33984375
-60.546875,-50.78125,-42.48046875,-41.015625
-35.64453125,-8.7890625,-41.50390625,-36.62109375
-21.97265625,10.25390625,-43.9453125,-37.59765625
-35.64453125,-56.15234375,-46.38671875,-41.015625
-54.6875,-106.93359375,-50.78125,-45.8984375
-55.17578125,-67.87109375,-50.78125,-37.109375
-42.96875,-23.4375,-46.875,-29.78515625
-37.109375,-23.92578125,-45.41015625,-34.1796875
-44.43359375,-51.7578125,-42.48046875,-44.921875
-61.03515625,-74.21875,-43.9453125,-52.24609375
-65.91796875,-62.5,-41.015625,-45.41015625
-51.7578125,-22.94921875,-40.52734375,-38.57421875
-41.015625,-15.625,-46.875,-42.96875
-44.43359375,-48.33984375,-42.96875,-50.78125
-60.05859375,-67.87109375,-46.875,-60.05859375
-65.91796875,-86.9140625,-54.6875,-56.15234375
-55.17578125,-37.109375,-52.24609375,-46.875
-37.109375,3.41796875,-46.875,-45.41015625
-34.1796875,-44.921875,-41.9921875,-46.875
-47.36328125,-72.75390625,-46.38671875,-55.6640625
-58.59375,-69.3359375,-52.734375,-54.6875
-56.640625,-36.62109375,-55.17578125,-46.38671875
-47.8515625,-21.484375,-53.22265625,-51.26953125
-45.41015625,-44.921875,-44.921875,-57.12890625
-55.17578125,-79.1015625,-46.875,-55.6640625
-67.87109375,-70.80078125,-48.828125,-55.6640625
-63.4765625,-20.5078125,-42.48046875,-51.7578125
-48.828125,-29.296875,-46.38671875,-48.828125
-44.921875,-55.17578125,-58.59375,-48.828125
-56.640625,-79.58984375,-56.640625,-49.31640625
-69.3359375,-88.37890625,-52.734375,-47.8515625
-62.5,-29.78515625,-54.6875,-45.41015625
-46.38671875,-7.8125,-49.8046875,-46.38671875
-47.8515625,-41.015625,-49.31640625,-53.7109375
-57.12890625,-72.265625,-48.828125,-60.546875
-57.12890625,-80.078125,-44.921875,-53.22265625
-53.7109375,-50.29296875,-47.8515625,-48.33984375
-35.64453125,-2.9296875,-45.41015625,-45.8984375
-24.90234375,0.9765625,-43.9453125,-47.8515625
-38.57421875,-75.68359375,-44.921875,-53.22265625
-51.7578125,-94.7265625,-49.31640625,-50.29296875
-51.7578125,-51.7578125,-55.17578125,-44.43359375
-37.109375,-23.4375,-55.17578125,-42.96875
-27.83203125,-26.85546875,-59.08203125,-48.828125
-38.57421875,-62.98828125,-55.6640625,-56.640625
-57.12890625,-74.70703125,-53.22265625,-56.15234375
-57.12890625,-30.2734375,-55.6640625,-43.9453125
-27.83203125,5.859375,-46.38671875,-34.1796875
-20.5078125,-20.01953125,-51.26953125,-40.0390625
-48.828125,-53.7109375,-58.10546875,-58.59375
-79.1015625,-68.359375,-41.9921875,-73.73046875
-87.40234375,-64.453125,-41.015625,-66.89453125
-73.73046875,-28.3203125,-42.96875,-57.6171875
-80.078125,-24.90234375,-35.64453125,-79.58984375
-104.98046875,-70.3125,-36.1328125,-99.12109375
-125.9765625,-84.9609375,-37.59765625,-103.02734375
-137.6953125,-74.70703125,-41.50390625,-101.07421875
-131.34765625,-37.109375,-43.45703125,-100.5859375
-131.8359375,-24.90234375,-43.9453125,-115.72265625
-144.53125,-63.96484375,-45.8984375,-137.6953125
-162.59765625,-95.703125,-42.96875,-150.87890625
-180.6640625,-65.91796875,-42.96875,-156.73828125
-170.41015625,-7.8125,-35.15625,-151.85546875
-157.71484375,-24.90234375,-29.78515625,-145.99609375
-168.9453125,-73.2421875,-32.71484375,-159.1796875
-178.22265625,-93.26171875,-30.2734375,-167.96875
-187.01171875,-88.37890625,-24.4140625,-160.15625
-188.96484375,-47.36328125,-26.85546875,-156.25
-174.31640625,-23.92578125,-20.99609375,-153.3203125
-179.19921875,-50.78125,-7.32421875,-160.15625
-189.94140625,-91.796875,1.953125,-166.9921875
-192.87109375,-93.75,7.8125,-158.203125
-188.4765625,-49.31640625,6.34765625,-144.04296875
-170.8984375,-28.3203125,3.41796875,-139.6484375
-168.9453125,-41.015625,-2.44140625,-150.87890625
-171.875,-89.35546875,-10.25390625,-149.90234375
-167.96875,-100.5859375,-2.9296875,-132.8125
-155.2734375,-52.24609375,1.953125,-123.046875
-136.23046875,-41.015625,-2.44140625,-117.1875
-125.0,-60.05859375,-3.41796875,-112.3046875
-118.1640625,-82.51953125,-2.9296875,-101.5625
-128.41796875,-105.95703125,0.9765625,-93.75
-125.48828125,-92.28515625,-0.48828125,-86.9140625
-98.14453125,-46.875,-6.34765625,-75.1953125
-74.70703125,-55.6640625,-14.16015625,-60.05859375
-68.84765625,-103.515625,-8.30078125,-51.7578125
-86.42578125,-104.00390625,3.90625,-62.5
-85.9375,-88.37890625,-5.859375,-57.6171875
-59.08203125,-78.125,-12.20703125,-41.015625
-52.734375,-74.70703125,-15.13671875,-42.96875
-57.6171875,-104.98046875,-17.578125,-41.9921875
-61.03515625,-104.4921875,-21.97265625,-34.66796875
-60.05859375,-110.3515625,-36.1328125,-27.34375
-41.50390625,-79.58984375,-35.15625,-14.16015625
-33.203125,-57.12890625,-27.83203125,-19.53125
-34.66796875,-96.19140625,-26.3671875,-20.99609375
-38.0859375,-117.1875,-28.80859375,-10.25390625
-42.96875,-95.21484375,-34.1796875,-4.8828125
-25.390625,-41.9921875,-38.0859375,6.8359375
-11.71875,-64.94140625,-43.9453125,7.8125
-20.01953125,-105.95703125,-42.48046875,-6.34765625
-31.73828125,-108.3984375,-37.59765625,-13.18359375
-30.76171875,-103.515625,-36.1328125,-2.44140625
-11.71875,-61.03515625,-39.0625,9.27734375
4.8828125,-40.0390625,-43.45703125,5.37109375
0.9765625,-73.2421875,-44.921875,4.8828125
-16.6015625,-92.7734375,-50.29296875,2.44140625
-27.34375,-93.26171875,-50.78125,4.8828125
-16.6015625,-64.94140625,-50.78125,11.23046875
-1.953125,-40.52734375,-52.734375,9.765625
0.0,-50.29296875,-52.734375,7.8125
-7.8125,-95.703125,-54.6875,10.25390625
-19.04296875,-107.91015625,-56.640625,9.27734375
-14.6484375,-58.10546875,-56.640625,4.39453125
2.9296875,-30.2734375,-59.08203125,0.9765625
0.48828125,-50.78125,-60.546875,-8.30078125
-15.13671875,-91.30859375,-56.640625,-17.578125
-22.4609375,-90.33203125,-56.15234375,-18.5546875
-20.01953125,-48.33984375,-63.4765625,-13.671875
-1.953125,-24.90234375,-65.4296875,-8.7890625
3.90625,-46.875,-66.40625,-12.20703125
-5.37109375,-77.1484375,-63.96484375,-19.04296875
-11.23046875,-65.91796875,-52.734375,-14.16015625
-13.18359375,-50.78125,-46.38671875,2.9296875
-1.46484375,-38.57421875,-49.8046875,9.27734375
1.953125,-48.33984375,-56.15234375,5.859375
-11.23046875,-86.9140625,-57.12890625,1.46484375
-21.97265625,-78.125,-51.26953125,1.46484375
-21.97265625,-53.7109375,-46.875,9.27734375
-10.7421875,-28.3203125,-49.8046875,14.16015625
-2.9296875,-28.80859375,-52.24609375,16.6015625
-8.7890625,-59.5703125,-51.26953125,9.765625
-17.578125,-62.5,-53.22265625,6.8359375
-18.06640625,-44.921875,-52.734375,12.20703125
-0.48828125,7.8125,-43.9453125,17.08984375
12.6953125,-14.16015625,-40.52734375,18.06640625
3.90625,-63.96484375,-47.36328125,15.625
-11.23046875,-78.125,-53.22265625,9.765625
-17.08984375,-74.21875,-50.78125,2.9296875
-9.27734375,-21.97265625,-47.8515625,-2.44140625
2.44140625,-10.7421875,-45.8984375,-6.34765625
-1.953125,-43.9453125,-45.8984375,-14.16015625
-23.92578125,-81.0546875,-53.7109375,-24.4140625
-32.2265625,-71.77734375,-58.59375,-25.87890625
-17.08984375,-20.01953125,-49.8046875,-16.11328125
-2.9296875,-2.9296875,-43.9453125,-17.578125
-6.8359375,-22.94921875,-46.38671875,-22.4609375
-18.5546875,-76.171875,-51.26953125,-25.87890625
-30.76171875,-87.890625,-56.15234375,-22.94921875
-25.390625,-28.80859375,-47.8515625,-13.671875
-11.23046875,-12.20703125,-45.8984375,-11.23046875
-15.625,-25.87890625,-46.875,-20.01953125
-30.2734375,-54.6875,-48.33984375,-31.25
-44.921875,-78.61328125,-56.15234375,-29.78515625
-46.875,-43.45703125,-55.6640625,-23.92578125
-29.78515625,-18.5546875,-56.640625,-23.92578125
-21.484375,-45.41015625,-53.22265625,-28.3203125
-32.2265625,-74.21875,-50.29296875,-32.71484375
-41.50390625,-57.6171875,-45.8984375,-29.78515625
-46.38671875,-48.33984375,-46.875,-30.2734375
-36.62109375,-43.45703125,-51.26953125,-33.203125
-32.71484375,-44.921875,-60.546875,-38.57421875
-41.015625,-78.125,-63.4765625,-46.38671875
-50.29296875,-76.66015625,-52.734375,-48.828125
-47.8515625,-34.66796875,-49.8046875,-45.41015625
-22.4609375,-13.671875,-51.26953125,-39.55078125
-12.6953125,-20.5078125,-54.6875,-43.9453125
-22.4609375,-55.6640625,-58.59375,-45.8984375
-35.64453125,-89.84375,-62.5,-38.57421875
-33.69140625,-50.29296875,-61.03515625,-33.69140625
-18.5546875,8.30078125,-55.17578125,-30.76171875
-15.625,-21.97265625,-55.17578125,-32.71484375
-27.83203125,-87.890625,-51.26953125,-39.55078125
-41.50390625,-78.125,-45.41015625,-38.0859375
-41.50390625,-47.8515625,-50.78125,-30.2734375
-32.2265625,-17.08984375,-50.78125,-29.296875
-25.87890625,-21.97265625,-50.78125,-33.203125
-36.62109375,-66.89453125,-55.17578125,-41.015625
-56.15234375,-76.171875,-50.78125,-45.41015625
-59.5703125,-48.828125,-42.48046875,-30.76171875
-44.921875,-23.92578125,-43.9453125,-27.83203125
-36.62109375,-1.953125,-49.31640625,-36.62109375
-43.45703125,-21.484375,-48.828125,-39.0625
-54.6875,-79.58984375,-47.8515625,-41.9921875
-63.4765625,-78.61328125,-47.36328125,-45.41015625
-45.8984375,-13.18359375,-47.36328125,-40.52734375
-22.4609375,-7.8125,-50.29296875,-34.1796875
-36.1328125,-55.17578125,-50.29296875,-38.57421875
-53.22265625,-74.70703125,-44.43359375,-35.64453125
-56.15234375,-65.91796875,-48.828125,-27.83203125
-44.921875,-30.2734375,-47.36328125,-26.3671875
-28.3203125,-12.6953125,-41.9921875,-30.2734375
-35.64453125,-53.22265625,-43.45703125,-42.96875
-49.31640625,-77.1484375,-41.9921875,-44.921875
-56.640625,-55.17578125,-43.9453125,-42.96875
-56.640625,-49.31640625,-56.640625,-44.921875
-39.55078125,-28.80859375,-55.6640625,-46.875
-34.66796875,-34.1796875,-52.734375,-50.78125
-47.8515625,-88.37890625,-57.6171875,-50.29296875
-62.98828125,-92.28515625,-55.6640625,-50.29296875
-67.3828125,-37.109375,-54.19921875,-55.17578125
-50.78125,-8.7890625,-51.7578125,-50.29296875
-39.0625,-28.3203125,-50.78125,-52.734375
-45.41015625,-61.03515625,-47.8515625,-56.640625
-55.17578125,-71.77734375,-45.8984375,-50.29296875
-53.22265625,-29.296875,-47.8515625,-51.26953125
-33.203125,1.953125,-45.41015625,-44.43359375
-27.34375,-36.62109375,-43.9453125,-39.55078125
-42.96875,-83.984375,-43.9453125,-40.52734375
-58.10546875,-82.51953125,-44.921875,-41.015625
-57.6171875,-52.24609375,-43.9453125,-38.0859375
-40.0390625,-3.41796875,-37.59765625,-30.76171875
-37.109375,-8.7890625,-36.62109375,-40.0390625
-48.828125,-65.91796875,-44.921875,-49.8046875
-61.03515625,-83.49609375,-49.8046875,-46.875
-70.3125,-56.15234375,-48.828125,-42.96875
-53.7109375,-17.08984375,-47.36328125,-42.48046875
-34.1796875,-13.671875,-39.55078125,-43.45703125
-39.55078125,-51.7578125,-39.0625,-50.78125
-51.7578125,-86.9140625,-51.26953125,-57.6171875
-59.5703125,-64.94140625,-48.33984375,-50.29296875
-50.78125,-20.99609375,-45.8984375,-48.828125
-39.0625,-24.90234375,-49.8046875,-54.19921875
-41.9921875,-54.6875,-46.875,-56.640625
-47.36328125,-67.87109375,-50.78125,-56.15234375
-49.8046875,-56.640625,-54.19921875,-46.875
-39.0625,-10.7421875,-51.7578125,-35.64453125
-16.6015625,1.953125,-50.29296875,-34.1796875
-18.5546875,-51.26953125,-48.33984375,-40.0390625
-37.109375,-74.21875,-44.43359375,-43.9453125
-55.6640625,-53.7109375,-37.59765625,-42.96875
-48.33984375,-14.6484375,-38.57421875,-34.66796875
-32.2265625,-18.5546875,-42.48046875,-31.25
-42.48046875,-58.10546875,-38.57421875,-42.48046875
-53.7109375,-79.58984375,-41.9921875,-49.31640625
-62.98828125,-82.51953125,-45.41015625,-44.43359375
-57.6171875,-38.0859375,-46.38671875,-42.48046875
-40.0390625,-17.08984375,-44.43359375,-40.0390625
-46.875,-42.48046875,-43.9453125,-42.96875
-59.08203125,-78.125,-41.50390625,-49.31640625
-64.94140625,-82.03125,-36.1328125,-51.7578125
-62.01171875,-20.99609375,-45.41015625,-45.41015625
-44.43359375,-1.953125,-49.31640625,-42.96875
-44.43359375,-51.7578125,-52.24609375,-50.78125
-61.03515625,-96.19140625,-54.6875,-54.19921875
-74.70703125,-99.12109375,-47.36328125,-55.6640625
-67.3828125,-41.9921875,-41.9921875,-47.8515625
-44.43359375,-12.20703125,-36.62109375,-38.57421875
-36.1328125,-32.2265625,-33.203125,-40.52734375
-40.52734375,-64.94140625,-40.52734375,-48.828125
-52.734375,-87.890625,-46.38671875,-49.31640625
-52.24609375,-49.8046875,-41.50390625,-36.62109375
-30.2734375,-16.6015625,-40.52734375,-28.80859375
-21.484375,-19.04296875,-43.45703125,-33.203125
-34.66796875,-37.109375,-40.52734375,-38.57421875
-49.8046875,-73.73046875,-43.45703125,-37.59765625
-61.03515625,-57.12890625,-51.26953125,-41.015625
-47.8515625,-16.6015625,-48.828125,-41.9921875
-31.73828125,-15.625,-44.921875,-39.0625
-43.9453125,-55.17578125,-39.0625,-41.9921875
-64.453125,-77.1484375,-44.43359375,-51.26953125
-74.21875,-55.6640625,-52.24609375,-52.734375
-61.5234375,-15.625,-48.33984375,-43.45703125
-42.48046875,-9.27734375,-44.43359375,-41.015625
-44.43359375,-64.94140625,-43.45703125,-42.96875
-57.12890625,-81.0546875,-45.8984375,-44.921875
-61.03515625,-40.52734375,-49.31640625,-41.9921875
-45.8984375,-23.4375,-50.78125,-41.015625
-27.34375,-25.87890625,-47.8515625,-45.41015625
-32.71484375,-45.8984375,-46.875,-44.921875
-48.828125,-85.9375,-47.8515625,-49.31640625
-56.640625,-60.05859375,-42.48046875,-45.8984375
-47.8515625,-20.99609375,-37.109375,-37.59765625
-32.71484375,-28.3203125,-37.59765625,-38.57421875
-38.0859375,-43.9453125,-41.9921875,-46.38671875
-55.6640625,-73.73046875,-49.8046875,-55.17578125
-63.96484375,-80.078125,-54.6875,-50.29296875
-56.640625,-25.390625,-49.31640625,-42.48046875
-38.0859375,10.25390625,-42.96875,-45.8984375
-37.59765625,-46.875,-47.36328125,-51.26953125
-55.17578125,-93.26171875,-54.6875,-58.59375
-62.98828125,-76.66015625,-56.15234375,-56.15234375
-57.6171875,-28.80859375,-51.26953125,-47.36328125
-39.0625,-4.39453125,-42.96875,-43.9453125
-37.59765625,-39.0625,-44.921875,-52.24609375
-55.6640625,-83.49609375,-53.22265625,-57.6171875
-61.03515625,-63.4765625,-51.7578125,-50.78125
-58.10546875,-34.1796875,-48.828125,-44.921875
-47.8515625,-24.4140625,-45.8984375,-44.43359375
-41.50390625,-20.99609375,-48.828125,-48.33984375
-47.8515625,-46.875,-53.7109375,-52.734375
-52.734375,-85.44921875,-47.36328125,-46.38671875
-58.59375,-63.4765625,-45.41015625,-37.109375
-42.96875,-14.16015625,-44.43359375,-35.15625
-29.78515625,-23.4375,-40.0390625,-35.15625
-39.55078125,-65.91796875,-45.41015625,-34.1796875
-49.8046875,-73.73046875,-46.875,-31.73828125
-48.33984375,-38.57421875,-48.828125,-24.4140625
-33.69140625,-7.32421875,-49.31640625,-20.01953125
-20.01953125,-15.13671875,-42.48046875,-28.80859375
-26.3671875,-58.10546875,-44.43359375,-34.66796875
-46.875,-57.6171875,-44.921875,-37.109375
-53.22265625,-25.87890625,-41.9921875,-36.62109375
-41.015625,-25.390625,-43.45703125,-37.59765625
-27.34375,-35.15625,-42.96875,-38.57421875
-33.69140625,-51.26953125,-41.50390625,-43.45703125
-46.875,-68.84765625,-44.43359375,-46.875
-51.7578125,-65.4296875,-45.8984375,-39.55078125
-41.9921875,-19.53125,-46.38671875,-36.62109375
-25.87890625,-5.859375,-45.41015625,-41.50390625
-36.62109375,-59.08203125,-41.50390625,-51.26953125
-58.59375,-84.9609375,-51.26953125,-55.6640625
-69.3359375,-71.77734375,-55.17578125,-51.7578125
-61.03515625,-27.83203125,-45.41015625,-43.45703125
-47.8515625,4.39453125,-39.0625,-46.875
-53.22265625,-52.24609375,-39.55078125,-61.5234375
-61.03515625,-86.9140625,-44.921875,-63.4765625
-60.546875,-57.6171875,-40.52734375,-56.640625
-51.26953125,-40.0390625,-43.45703125,-54.19921875
-41.015625,-26.3671875,-44.921875,-53.22265625
-43.9453125,-37.109375,-42.96875,-59.08203125
-53.22265625,-73.2421875,-49.8046875,-61.5234375
-65.91796875,-78.125,-50.78125,-55.6640625
-63.96484375,-32.71484375,-58.10546875,-54.6875
-42.96875,-12.20703125,-55.17578125,-52.24609375
-36.1328125,-36.1328125,-42.96875,-50.29296875
-49.31640625,-58.10546875,-45.8984375,-54.19921875
-60.546875,-73.73046875,-43.9453125,-51.26953125
-58.59375,-52.24609375,-39.55078125,-47.8515625
-41.9921875,-22.94921875,-41.9921875,-44.43359375
-40.0390625,-36.1328125,-40.0390625,-44.921875
-54.19921875,-54.6875,-40.0390625,-51.26953125
-66.89453125,-81.54296875,-50.78125,-51.26953125
-66.40625,-65.4296875,-51.7578125,-43.45703125
-48.828125,-22.94921875,-45.41015625,-37.59765625
-35.15625,-23.92578125,-41.50390625,-37.109375
-48.33984375,-72.75390625,-42.96875,-41.9921875
-65.4296875,-83.0078125,-46.38671875,-48.828125
-66.40625,-43.45703125,-52.24609375,-42.96875
-51.7578125,-28.80859375,-50.29296875,-35.15625
-41.9921875,-29.78515625,-47.8515625,-40.0390625
-47.8515625,-63.96484375,-47.36328125,-43.9453125
-60.05859375,-84.47265625,-40.52734375,-41.50390625
-63.4765625,-61.5234375,-45.41015625,-40.0390625
-42.96875,-18.5546875,-52.24609375,-34.1796875
-27.34375,-13.18359375,-46.875,-33.203125
-37.59765625,-48.828125,-46.875,-52.24609375
-51.7578125,-79.1015625,-53.7109375,-67.3828125
-58.59375,-75.68359375,-52.734375,-63.4765625
-43.45703125,-16.11328125,-45.41015625,-56.15234375
-25.87890625,11.71875,-40.52734375,-52.24609375
-34.1796875,-49.31640625,-50.78125,-65.4296875
-37.109375,-91.30859375,-61.03515625,-56.640625
-40.0390625,-63.4765625,-51.7578125,-43.45703125
-47.8515625,-16.6015625,-43.9453125,-53.22265625
-38.57421875,-16.11328125,-43.9453125,-51.7578125
-37.59765625,-57.6171875,-44.43359375,-45.41015625
-47.36328125,-83.0078125,-46.38671875,-46.875
-52.734375,-72.265625,-46.875,-43.45703125
-59.08203125,-25.87890625,-48.33984375,-43.45703125
-45.41015625,-12.20703125,-45.8984375,-42.48046875
-37.59765625,-37.109375,-35.64453125,-38.0859375
-57.6171875,-67.3828125,-38.57421875,-47.8515625
-66.40625,-82.03125,-44.921875,-47.8515625
-56.15234375,-62.5,-42.48046875,-37.109375
-44.921875,-27.83203125,-44.43359375,-34.66796875
-47.8515625,-41.9921875,-49.31640625,-45.8984375
-63.4765625,-79.58984375,-48.828125,-55.17578125
-69.82421875,-71.2890625,-41.9921875,-47.36328125
-59.5703125,-31.73828125,-46.38671875,-42.48046875
-40.52734375,-15.13671875,-52.734375,-40.52734375
-38.0859375,-38.0859375,-49.8046875,-43.9453125
-49.31640625,-68.84765625,-49.8046875,-55.17578125
-53.22265625,-69.3359375,-47.36328125,-56.15234375
-50.78125,-27.34375,-47.8515625,-53.22265625
-31.25,-12.6953125,-48.828125,-54.6875
-21.97265625,-31.73828125,-49.8046875,-60.05859375
-41.9921875,-68.359375,-54.6875,-67.87109375
-59.08203125,-90.8203125,-48.33984375,-67.3828125
-57.6171875,-48.828125,-40.52734375,-56.640625
-37.59765625,-11.71875,-42.96875,-42.48046875
-29.296875,-21.484375,-49.8046875,-41.9921875
-41.9921875,-62.5,-51.26953125,-45.41015625
-53.7109375,-75.1953125,-48.828125,-43.9453125
-57.12890625,-48.33984375,-47.36328125,-40.0390625
-44.43359375,-16.11328125,-42.48046875,-33.203125
-33.203125,0.48828125,-36.62109375,-38.57421875
-41.50390625,-51.26953125,-35.15625,-39.55078125
-61.03515625,-95.21484375,-42.96875,-39.55078125
-69.82421875,-55.6640625,-52.24609375,-43.45703125
-58.59375,-22.4609375,-53.7109375,-40.0390625
-46.38671875,-10.7421875,-55.17578125,-43.9453125
-51.26953125,-57.12890625,-54.19921875,-48.828125
-63.4765625,-96.19140625,-52.24609375,-52.24609375
-68.84765625,-72.75390625,-50.29296875,-49.31640625
-51.7578125,-24.90234375,-47.8515625,-43.9453125
-29.296875,-6.34765625,-47.36328125,-43.45703125
-30.76171875,-43.45703125,-46.38671875,-43.9453125
-46.38671875,-62.01171875,-52.734375,-47.8515625
-56.15234375,-67.3828125,-60.05859375,-48.828125
-45.8984375,-29.78515625,-59.08203125,-44.43359375
-32.71484375,-9.765625,-57.12890625,-43.9453125
-31.73828125,-45.41015625,-58.59375,-48.33984375
-44.43359375,-75.68359375,-57.12890625,-51.7578125
-56.640625,-71.2890625,-58.10546875,-48.33984375
-46.38671875,-22.4609375,-58.59375,-45.41015625
-28.80859375,-2.44140625,-57.6171875,-43.9453125
-28.3203125,-32.71484375,-52.24609375,-49.8046875
-46.875,-87.40234375,-51.7578125,-58.10546875
-63.4765625,-74.21875,-53.22265625,-56.640625
-57.6171875,-11.71875,-49.8046875,-54.6875
-39.0625,-13.18359375,-48.33984375,-50.78125
-39.0625,-52.734375,-48.33984375,-47.36328125
-49.31640625,-73.73046875,-46.875,-48.33984375
-57.6171875,-77.1484375,-43.45703125,-43.9453125
-55.17578125,-39.55078125,-44.921875,-34.1796875
-35.15625,-20.5078125,-47.36328125,-29.296875
-29.296875,-39.55078125,-48.828125,-36.62109375
-47.8515625,-71.77734375,-54.6875,-51.7578125
-61.5234375,-79.58984375,-54.19921875,-55.6640625
-60.05859375,-48.33984375,-49.8046875,-51.26953125
-41.015625,-0.48828125,-47.8515625,-45.41015625
-30.2734375,4.8828125,-47.8515625,-47.8515625
-44.43359375,-68.359375,-51.26953125,-58.59375
-54.6875,-84.9609375,-49.8046875,-57.12890625
-57.6171875,-39.55078125,-51.26953125,-52.734375
-42.96875,-6.34765625,-51.26953125,-56.15234375
-31.25,-11.71875,-44.921875,-60.546875
-46.38671875,-60.546875,-51.7578125,-64.453125
-62.98828125,-78.125,-60.05859375,-64.453125
-63.96484375,-54.19921875,-63.4765625,-57.6171875
-42.96875,-8.7890625,-59.08203125,-50.29296875
-31.25,-6.8359375,-53.22265625,-48.33984375
-41.50390625,-42.48046875,-48.828125,-49.8046875
-57.12890625,-51.26953125,-48.828125,-52.24609375
-64.94140625,-65.4296875,-52.734375,-47.8515625
-54.19921875,-25.390625,-48.33984375,-44.43359375
-44.921875,-9.765625,-51.26953125,-50.29296875
-45.41015625,-61.03515625,-52.734375,-52.24609375
-49.8046875,-64.453125,-46.875,-43.9453125
-58.59375,-54.19921875,-40.0390625,-38.0859375
-50.29296875,-26.85546875,-39.0625,-40.0390625
-29.296875,-11.23046875,-45.8984375,-44.43359375
-26.85546875,-39.0625,-43.9453125,-44.921875
-42.96875,-76.171875,-38.57421875,-48.33984375
-54.19921875,-64.453125,-41.50390625,-51.26953125
-41.9921875,4.8828125,-38.57421875,-45.41015625
-35.64453125,-4.39453125,-37.109375,-52.734375
-43.45703125,-50.29296875,-39.55078125,-59.5703125
-54.19921875,-64.94140625,-44.921875,-60.05859375
-64.94140625,-76.171875,-45.8984375,-57.12890625
-58.59375,-10.25390625,-43.45703125,-46.875
-46.38671875,3.90625,-45.8984375,-46.38671875
-50.29296875,-48.828125,-46.875,-58.10546875
-59.08203125,-77.63671875,-49.8046875,-62.01171875
-67.87109375,-76.66015625,-46.38671875,-51.7578125
-63.96484375,-31.25,-40.52734375,-44.921875
-47.8515625,-16.6015625,-35.64453125,-38.57421875
-45.8984375,-22.4609375,-35.15625,-43.45703125
-56.15234375,-59.5703125,-44.921875,-61.5234375
-67.3828125,-97.65625,-55.17578125,-64.94140625
-62.98828125,-59.5703125,-52.734375,-53.7109375
-40.52734375,-15.625,-45.8984375,-44.921875
-21.484375,-20.01953125,-49.8046875,-42.96875
-44.43359375,-64.94140625,-58.10546875,-53.7109375
-74.21875,-91.796875,-61.5234375,-61.5234375
-70.80078125,-49.31640625,-56.640625,-50.29296875
-47.8515625,-8.7890625,-51.26953125,-44.43359375
-36.62109375,-29.296875,-52.24609375,-50.78125
-46.38671875,-63.4765625,-48.828125,-55.17578125
-58.59375,-67.3828125,-45.41015625,-57.6171875
-64.94140625,-59.5703125,-50.78125,-57.12890625
-51.7578125,-34.66796875,-51.26953125,-50.78125
-39.0625,-19.04296875,-53.7109375,-53.7109375
-41.015625,-56.15234375,-52.734375,-56.640625
-51.26953125,-68.359375,-54.19921875,-54.19921875
-55.6640625,-48.828125,-61.03515625,-43.45703125
-43.9453125,-12.20703125,-56.15234375,-36.1328125
-30.2734375,-1.46484375,-46.875,-35.15625
-31.73828125,-41.9921875,-43.9453125,-39.55078125
-47.36328125,-78.125,-44.43359375,-47.36328125
-58.10546875,-58.10546875,-47.8515625,-44.43359375
-51.26953125,-7.8125,-42.96875,-39.0625
-38.0859375,-26.3671875,-41.9921875,-39.0625
-40.52734375,-67.87109375,-45.8984375,-42.48046875
-56.640625,-80.078125,-47.8515625,-50.29296875
-59.5703125,-68.84765625,-46.38671875,-44.921875
-46.38671875,-27.83203125,-44.43359375,-40.0390625
-30.2734375,-13.18359375,-36.1328125,-35.64453125
-26.3671875,-47.8515625,-33.69140625,-31.25
-43.45703125,-71.2890625,-43.9453125,-38.0859375
-57.12890625,-62.5,-43.9453125,-40.0390625
-49.31640625,-40.52734375,-41.50390625,-38.57421875
-31.25,-11.23046875,-43.45703125,-40.0390625
-32.2265625,-12.20703125,-41.9921875,-47.8515625
-47.8515625,-77.1484375,-44.43359375,-55.6640625
-60.546875,-80.56640625,-51.26953125,-54.6875
-50.29296875,-26.3671875,-47.8515625,-45.41015625
-31.25,-20.5078125,-38.0859375,-39.55078125
-33.203125,-28.80859375,-33.69140625,-44.43359375
-44.921875,-57.6171875,-39.0625,-56.15234375
-60.05859375,-70.80078125,-51.26953125,-58.59375
-60.05859375,-46.38671875,-50.78125,-52.734375
-41.50390625,-9.27734375,-46.875,-49.8046875
-28.80859375,-19.04296875,-40.0390625,-48.828125
-42.96875,-63.4765625,-39.0625,-56.640625
-65.4296875,-69.3359375,-46.38671875,-58.10546875
-64.453125,-58.59375,-49.31640625,-50.78125
-42.96875,-36.1328125,-48.828125,-43.9453125
-33.203125,-30.76171875,-44.43359375,-44.921875
-40.52734375,-61.5234375,-47.36328125,-47.8515625
-56.640625,-69.82421875,-53.7109375,-47.8515625
-60.546875,-51.7578125,-48.33984375,-36.62109375
-48.828125,-31.73828125,-39.0625,-32.71484375
-40.52734375,-28.3203125,-40.0390625,-43.45703125
-42.48046875,-66.89453125,-44.43359375,-51.7578125
-56.640625,-83.0078125,-43.9453125,-53.7109375
-60.546875,-44.43359375,-47.8515625,-45.41015625
-45.8984375,-9.765625,-46.875,-38.0859375
-34.1796875,-43.45703125,-45.8984375,-42.96875
-41.9921875,-74.70703125,-45.8984375,-51.26953125
-53.22265625,-72.75390625,-44.921875,-55.6640625
-58.59375,-64.453125,-44.921875,-47.8515625
-45.41015625,-13.671875,-44.43359375,-41.9921875
-31.25,-1.46484375,-43.9453125,-50.29296875
-37.59765625,-52.24609375,-42.96875,-53.7109375
-56.640625,-71.2890625,-50.29296875,-61.5234375
-62.5,-59.5703125,-49.31640625,-60.05859375
-51.26953125,-34.66796875,-46.875,-53.22265625
-37.59765625,-11.23046875,-47.8515625,-57.12890625
-31.73828125,-23.4375,-43.9453125,-55.17578125
-47.36328125,-77.1484375,-47.36328125,-58.10546875
-59.08203125,-92.7734375,-46.38671875,-58.10546875
-54.6875,-35.64453125,-43.9453125,-54.19921875
-44.43359375,-7.8125,-47.36328125,-53.7109375
-44.921875,-30.76171875,-52.734375,-57.6171875
-61.5234375,-70.3125,-52.24609375,-62.01171875
-70.80078125,-74.70703125,-42.96875,-57.6171875
-59.5703125,-30.76171875,-39.0625,-42.96875
-45.41015625,-15.625,-45.41015625,-41.9921875
-42.96875,-39.0625,-48.33984375,-49.31640625
-52.24609375,-61.5234375,-46.875,-59.5703125
-64.94140625,-79.1015625,-43.45703125,-67.87109375
-62.01171875,-49.31640625,-40.52734375,-58.10546875
-44.43359375,-27.83203125,-43.9453125,-53.7109375
-36.62109375,-49.31640625,-47.8515625,-60.05859375
-43.9453125,-59.08203125,-50.78125,-62.98828125
-61.03515625,-73.2421875,-48.828125,-64.94140625
-60.546875,-55.6640625,-43.45703125,-60.05859375
-41.50390625,-18.5546875,-43.45703125,-53.22265625
-34.66796875,-24.4140625,-46.875,-54.19921875
-42.96875,-64.94140625,-51.7578125,-58.10546875
-55.6640625,-84.47265625,-51.7578125,-55.6640625
-60.05859375,-56.15234375,-48.828125,-48.828125
-47.36328125,10.7421875,-49.8046875,-39.55078125
-41.9921875,-17.578125,-54.19921875,-39.55078125
-50.78125,-74.70703125,-57.12890625,-49.8046875
-61.5234375,-78.61328125,-46.875,-47.8515625
-68.84765625,-77.1484375,-43.9453125,-41.50390625
-53.7109375,-37.109375,-48.33984375,-40.52734375
-40.52734375,-32.2265625,-49.31640625,-42.96875
-47.36328125,-64.94140625,-45.8984375,-48.33984375
-60.546875,-96.19140625,-44.921875,-51.26953125
-63.96484375,-77.63671875,-46.875,-48.33984375
-44.43359375,-25.87890625,-50.29296875,-42.48046875
-33.203125,-17.578125,-53.22265625,-45.41015625
-41.9921875,-31.73828125,-52.734375,-53.7109375
-51.26953125,-69.3359375,-51.7578125,-60.546875
-55.6640625,-92.7734375,-49.8046875,-52.734375
-44.43359375,-25.390625,-49.8046875,-45.8984375
-27.34375,-5.37109375,-49.31640625,-48.828125
-33.203125,-36.62109375,-47.8515625,-46.875
-50.78125,-70.3125,-43.9453125,-48.33984375
-54.19921875,-70.3125,-43.9453125,-42.48046875
-46.38671875,-22.94921875,-45.8984375,-38.57421875
-34.1796875,-3.90625,-45.8984375,-41.9921875
-30.2734375,-29.296875,-52.24609375,-46.38671875
-45.41015625,-66.40625,-59.08203125,-53.22265625
-57.6171875,-45.8984375,-51.26953125,-47.8515625
-53.22265625,-37.109375,-44.921875,-41.50390625
-43.9453125,-34.1796875,-48.828125,-43.9453125
-44.921875,-32.2265625,-49.31640625,-53.7109375
-53.22265625,-67.87109375,-44.921875,-55.6640625
-66.89453125,-79.58984375,-48.828125,-54.6875
-66.40625,-39.0625,-52.734375,-45.8984375
-43.45703125,-16.6015625,-51.26953125,-38.0859375
-39.0625,-30.2734375,-55.17578125,-46.38671875
-52.734375,-69.3359375,-54.6875,-49.8046875
-62.01171875,-88.8671875,-50.29296875,-45.41015625
-53.22265625,-39.55078125,-46.38671875,-41.9921875
-35.64453125,0.9765625,-45.41015625,-41.9921875
-35.15625,-26.85546875,-44.43359375,-48.828125
-50.29296875,-75.1953125,-40.52734375,-59.5703125
-65.4296875,-80.078125,-47.36328125,-63.4765625
-64.94140625,-45.8984375,-55.17578125,-56.640625
-49.31640625,-11.71875,-59.5703125,-52.24609375
-45.8984375,-26.85546875,-59.08203125,-58.10546875
-53.22265625,-61.5234375,-55.17578125,-64.94140625
-60.05859375,-71.2890625,-58.10546875,-59.08203125
-60.546875,-51.7578125,-57.12890625,-53.7109375
-43.45703125,-20.5078125,-51.7578125,-50.29296875
-32.2265625,-6.34765625,-42.48046875,-43.45703125
-39.0625,-36.1328125,-36.62109375,-44.921875
-54.19921875,-89.84375,-43.45703125,-51.26953125
-58.59375,-80.56640625,-47.36328125,-44.43359375
-45.41015625,-24.90234375,-45.8984375,-38.57421875
-30.2734375,-22.94921875,-50.29296875,-40.0390625
-41.015625,-64.453125,-54.19921875,-47.36328125
-55.17578125,-82.03125,-48.33984375,-50.29296875
-55.6640625,-66.89453125,-47.8515625,-43.9453125
-43.45703125,-18.5546875,-52.734375,-38.57421875
-25.390625,1.46484375,-48.828125,-32.2265625
-29.296875,-48.828125,-48.828125,-34.1796875
-46.875,-80.078125,-46.38671875,-46.38671875
-58.59375,-49.31640625,-43.9453125,-45.41015625
-57.12890625,-29.296875,-46.38671875,-38.57421875
-44.921875,-14.16015625,-48.828125,-46.38671875
-44.921875,-34.66796875,-51.7578125,-53.22265625
-60.05859375,-91.796875,-54.6875,-59.5703125
-73.73046875,-85.9375,-52.734375,-63.4765625
-64.94140625,-26.3671875,-45.8984375,-54.6875
